# step0
7.00 0.00 0.00 0.00 0.00 0.00 0.00 0.00 0.00 0.00
0.00 7.00 0.00 0.00 0.00 0.00 0.00 0.00 0.00 0.00
0.00 0.00 6.00 0.00 0.00 0.00 0.00 0.00 0.00 0.00
0.00 0.00 0.00 8.00 0.00 0.00 0.00 0.00 0.00 0.00
0.00 0.00 0.00 0.00 5.00 0.00 0.00 0.00 0.00 0.00
0.00 0.00 0.00 0.00 0.00 6.00 0.00 0.00 0.00 0.00
0.00 0.00 0.00 0.00 0.00 0.00 6.00 0.00 0.00 0.00
0.00 0.00 0.00 0.00 0.00 0.00 0.00 7.00 0.00 0.00
0.00 0.00 0.00 0.00 0.00 0.00 0.00 0.00 6.00 0.00
0.00 0.00 0.00 0.00 0.00 0.00 0.00 0.00 0.00 6.00
# step100
6.00 0.00 0.00 0.00 0.00 0.00 0.00 0.00 0.00 0.00
0.00 10.00 0.00 0.00 0.00 0.00 0.00 0.00 0.00 0.00
0.00 0.00 7.00 0.00 0.00 0.00 0.00 0.00 0.00 0.00
0.00 0.00 0.00 5.00 0.00 0.00 0.00 0.00 0.00 0.00
0.00 0.00 0.00 0.00 7.00 0.00 0.00 0.00 0.00 0.00
0.00 0.00 0.00 0.00 0.00 8.00 0.00 0.00 0.00 0.00
0.00 0.00 0.00 0.00 0.00 0.00 6.00 0.00 0.00 0.00
0.00 0.00 0.00 0.00 0.00 0.00 0.00 3.00 0.00 0.00
0.00 0.00 0.00 0.00 0.00 0.00 0.00 0.00 9.00 0.00
0.00 0.00 0.00 0.00 0.00 0.00 0.00 0.00 0.00 3.00
# step200
4.00 0.00 0.00 0.00 0.00 0.00 0.00 0.00 0.00 0.00
0.00 3.00 0.00 0.00 0.00 0.00 0.00 0.00 0.00 0.00
0.00 0.00 9.00 0.00 0.00 0.00 0.00 0.00 0.00 0.00
0.00 0.00 0.00 7.00 0.00 0.00 0.00 0.00 0.00 0.00
0.00 0.00 0.00 0.00 9.00 0.00 0.00 0.00 0.00 0.00
0.00 0.00 0.00 0.00 0.00 5.00 0.00 0.00 0.00 0.00
0.00 0.00 0.00 0.00 0.00 0.00 8.00 0.00 0.00 0.00
0.00 0.00 0.00 0.00 0.00 0.00 0.00 4.00 0.00 0.00
0.00 0.00 0.00 0.00 0.00 0.00 0.00 0.00 7.00 0.00
0.00 0.00 0.00 0.00 0.00 0.00 0.00 0.00 0.00 8.00
# step300
9.00 0.00 0.00 0.00 0.00 0.00 0.00 0.00 0.00 0.00
0.00 9.00 0.00 0.00 0.00 0.00 0.00 0.00 0.00 0.00
0.00 0.00 7.00 0.00 0.00 0.00 0.00 0.00 0.00 0.00
0.00 0.00 0.00 7.00 0.00 0.00 0.00 0.00 0.00 0.00
0.00 0.00 0.00 0.00 8.00 0.00 0.00 0.00 0.00 0.00
0.00 0.00 0.00 0.00 0.00 7.00 0.00 0.00 0.00 0.00
0.00 0.00 0.00 0.00 0.00 0.00 1.00 0.00 0.00 0.00
0.00 0.00 0.00 0.00 0.00 0.00 0.00 4.00 0.00 0.00
0.00 0.00 0.00 0.00 0.00 0.00 0.00 0.00 6.00 0.00
0.00 0.00 0.00 0.00 0.00 0.00 0.00 0.00 0.00 6.00
# step400
2.00 0.00 0.00 0.00 0.00 0.00 0.00 0.00 0.00 0.00
0.00 7.00 0.00 0.00 0.00 0.00 0.00 0.00 0.00 0.00
0.00 0.00 4.00 0.00 0.00 0.00 0.00 0.00 0.00 0.00
0.00 0.00 0.00 4.00 0.00 0.00 0.00 0.00 0.00 0.00
0.00 0.00 0.00 0.00 9.00 0.00 0.00 0.00 0.00 0.00
0.00 0.00 0.00 0.00 0.00 9.00 0.00 0.00 0.00 0.00
0.00 0.00 0.00 0.00 0.00 0.00 6.00 0.00 0.00 0.00
0.00 0.00 0.00 0.00 0.00 0.00 0.00 8.00 0.00 0.00
0.00 0.00 0.00 0.00 0.00 0.00 0.00 0.00 8.00 0.00
0.00 0.00 0.00 0.00 0.00 0.00 0.00 0.00 0.00 7.00
# step500
6.00 0.00 0.00 0.00 0.00 0.00 0.00 0.00 0.00 0.00
0.00 7.00 0.00 0.00 0.00 0.00 0.00 0.00 0.00 0.00
0.00 0.00 5.00 0.00 0.00 0.00 0.00 0.00 0.00 0.00
0.00 0.00 0.00 7.00 0.00 0.00 0.00 0.00 0.00 0.00
0.00 0.00 0.00 0.00 6.00 0.00 0.00 0.00 0.00 0.00
0.00 0.00 0.00 0.00 0.00 6.00 0.00 0.00 0.00 0.00
0.00 0.00 0.00 0.00 0.00 0.00 8.00 0.00 0.00 0.00
0.00 0.00 0.00 0.00 0.00 0.00 0.00 7.00 0.00 0.00
0.00 0.00 0.00 0.00 0.00 0.00 0.00 0.00 7.00 0.00
0.00 0.00 0.00 0.00 0.00 0.00 0.00 0.00 0.00 5.00
# step600
7.00 0.00 0.00 0.00 0.00 0.00 0.00 0.00 0.00 0.00
0.00 7.00 0.00 0.00 0.00 0.00 0.00 0.00 0.00 0.00
0.00 0.00 8.00 0.00 0.00 0.00 0.00 0.00 0.00 0.00
0.00 0.00 0.00 8.00 0.00 0.00 0.00 0.00 0.00 0.00
0.00 0.00 0.00 0.00 2.00 0.00 0.00 0.00 0.00 0.00
0.00 0.00 0.00 0.00 0.00 9.00 0.00 0.00 0.00 0.00
0.00 0.00 0.00 0.00 0.00 0.00 7.00 0.00 0.00 0.00
0.00 0.00 0.00 0.00 0.00 0.00 0.00 4.00 0.00 0.00
0.00 0.00 0.00 0.00 0.00 0.00 0.00 0.00 7.00 0.00
0.00 0.00 0.00 0.00 0.00 0.00 0.00 0.00 0.00 5.00
# step700
6.00 0.00 0.00 0.00 0.00 0.00 0.00 0.00 0.00 0.00
0.00 3.00 0.00 0.00 0.00 0.00 0.00 0.00 0.00 0.00
0.00 0.00 6.00 0.00 0.00 0.00 0.00 0.00 0.00 0.00
0.00 0.00 0.00 7.00 0.00 0.00 0.00 0.00 0.00 0.00
0.00 0.00 0.00 0.00 11.00 0.00 0.00 0.00 0.00 0.00
0.00 0.00 0.00 0.00 0.00 8.00 0.00 0.00 0.00 0.00
0.00 0.00 0.00 0.00 0.00 0.00 3.00 0.00 0.00 0.00
0.00 0.00 0.00 0.00 0.00 0.00 0.00 2.00 0.00 0.00
0.00 0.00 0.00 0.00 0.00 0.00 0.00 0.00 8.00 0.00
0.00 0.00 0.00 0.00 0.00 0.00 0.00 0.00 0.00 10.00
# step800
6.00 0.00 0.00 0.00 0.00 0.00 0.00 0.00 0.00 0.00
0.00 8.00 0.00 0.00 0.00 0.00 0.00 0.00 0.00 0.00
0.00 0.00 7.00 0.00 0.00 0.00 0.00 0.00 0.00 0.00
0.00 0.00 0.00 8.00 0.00 0.00 0.00 0.00 0.00 0.00
0.00 0.00 0.00 0.00 6.00 0.00 0.00 0.00 0.00 0.00
0.00 0.00 0.00 0.00 0.00 6.00 0.00 0.00 0.00 0.00
0.00 0.00 0.00 0.00 0.00 0.00 9.00 0.00 0.00 0.00
0.00 0.00 0.00 0.00 0.00 0.00 0.00 2.00 0.00 0.00
0.00 0.00 0.00 0.00 0.00 0.00 0.00 0.00 5.00 0.00
0.00 0.00 0.00 0.00 0.00 0.00 0.00 0.00 0.00 7.00
# step900
4.00 0.00 0.00 0.00 0.00 0.00 0.00 0.00 0.00 0.00
0.00 7.00 0.00 0.00 0.00 0.00 0.00 0.00 0.00 0.00
0.00 0.00 10.00 0.00 0.00 0.00 0.00 0.00 0.00 0.00
0.00 0.00 0.00 4.00 0.00 0.00 0.00 0.00 0.00 0.00
0.00 0.00 0.00 0.00 11.00 0.00 0.00 0.00 0.00 0.00
0.00 0.00 0.00 0.00 0.00 5.00 0.00 0.00 0.00 0.00
0.00 0.00 0.00 0.00 0.00 0.00 4.00 0.00 0.00 0.00
0.00 0.00 0.00 0.00 0.00 0.00 0.00 6.00 0.00 0.00
0.00 0.00 0.00 0.00 0.00 0.00 0.00 0.00 6.00 0.00
0.00 0.00 0.00 0.00 0.00 0.00 0.00 0.00 0.00 7.00
# step1000
8.00 0.00 0.00 0.00 0.00 0.00 0.00 0.00 0.00 0.00
0.00 5.00 0.00 0.00 0.00 0.00 0.00 0.00 0.00 0.00
0.00 0.00 6.00 0.00 0.00 0.00 0.00 0.00 0.00 0.00
0.00 0.00 0.00 5.00 0.00 0.00 0.00 0.00 0.00 0.00
0.00 0.00 0.00 0.00 6.00 0.00 0.00 0.00 0.00 0.00
0.00 0.00 0.00 0.00 0.00 4.00 0.00 0.00 0.00 0.00
0.00 0.00 0.00 0.00 0.00 0.00 5.00 0.00 0.00 0.00
0.00 0.00 0.00 0.00 0.00 0.00 0.00 7.00 0.00 0.00
0.00 0.00 0.00 0.00 0.00 0.00 0.00 0.00 9.00 0.00
0.00 0.00 0.00 0.00 0.00 0.00 0.00 0.00 0.00 9.00
