# step0
37.00 1.00 0.00 0.00 0.00 0.00 0.00 0.00 0.00 0.00
0.00 54.00 0.00 0.00 0.00 0.00 0.00 0.00 0.00 0.00
0.00 0.00 35.00 0.00 0.00 0.00 0.00 0.00 0.00 0.00
0.00 0.00 0.00 33.00 0.00 2.00 0.00 0.00 0.00 0.00
0.00 0.00 1.00 0.00 51.00 0.00 0.00 0.00 0.00 0.00
0.00 0.00 0.00 0.00 0.00 31.00 0.00 0.00 0.00 0.00
0.00 0.00 0.00 0.00 0.00 0.00 41.00 0.00 0.00 0.00
0.00 0.00 0.00 0.00 0.00 1.00 0.00 39.00 0.00 0.00
0.00 0.00 0.00 0.00 0.00 0.00 0.00 0.00 33.00 0.00
0.00 0.00 0.00 1.00 0.00 0.00 0.00 0.00 0.00 48.00
# step100
45.00 0.00 0.00 1.00 0.00 0.00 0.00 0.00 0.00 0.00
0.00 37.00 0.00 0.00 0.00 0.00 0.00 0.00 1.00 0.00
0.00 0.00 43.00 0.00 0.00 0.00 0.00 0.00 0.00 0.00
0.00 0.00 0.00 24.00 0.00 4.00 1.00 0.00 0.00 0.00
0.00 0.00 0.00 0.00 47.00 0.00 1.00 0.00 0.00 0.00
0.00 0.00 0.00 0.00 0.00 39.00 0.00 1.00 0.00 0.00
0.00 0.00 0.00 0.00 0.00 0.00 34.00 0.00 0.00 0.00
0.00 0.00 0.00 1.00 0.00 0.00 0.00 37.00 0.00 0.00
0.00 0.00 0.00 0.00 0.00 0.00 0.00 0.00 43.00 0.00
0.00 0.00 0.00 0.00 0.00 0.00 0.00 0.00 0.00 53.00
# step200
45.00 0.00 0.00 0.00 0.00 0.00 0.00 0.00 1.00 0.00
0.00 37.00 0.00 0.00 0.00 0.00 0.00 0.00 0.00 0.00
2.00 0.00 47.00 0.00 0.00 0.00 0.00 0.00 0.00 0.00
0.00 0.00 0.00 35.00 0.00 2.00 0.00 0.00 0.00 0.00
0.00 0.00 0.00 0.00 44.00 0.00 0.00 0.00 0.00 0.00
0.00 0.00 0.00 1.00 0.00 32.00 1.00 1.00 0.00 0.00
0.00 0.00 0.00 1.00 0.00 0.00 44.00 0.00 0.00 0.00
0.00 0.00 0.00 0.00 0.00 0.00 0.00 35.00 0.00 0.00
0.00 0.00 0.00 0.00 0.00 0.00 0.00 0.00 37.00 0.00
0.00 2.00 0.00 0.00 0.00 0.00 0.00 0.00 0.00 40.00
# step300
52.00 0.00 0.00 0.00 0.00 1.00 0.00 0.00 0.00 0.00
0.00 34.00 0.00 0.00 0.00 0.00 0.00 0.00 0.00 0.00
1.00 0.00 45.00 0.00 0.00 0.00 0.00 0.00 0.00 0.00
0.00 0.00 0.00 28.00 0.00 0.00 0.00 0.00 0.00 0.00
0.00 0.00 0.00 0.00 38.00 0.00 1.00 0.00 0.00 0.00
0.00 0.00 0.00 2.00 0.00 31.00 0.00 0.00 0.00 0.00
0.00 0.00 0.00 0.00 1.00 0.00 47.00 0.00 0.00 0.00
0.00 0.00 0.00 0.00 0.00 0.00 0.00 37.00 1.00 0.00
0.00 0.00 0.00 0.00 0.00 0.00 0.00 0.00 51.00 0.00
0.00 0.00 0.00 0.00 0.00 0.00 0.00 0.00 0.00 44.00
# step400
36.00 1.00 0.00 0.00 0.00 0.00 0.00 0.00 0.00 0.00
0.00 46.00 0.00 0.00 0.00 0.00 0.00 0.00 0.00 0.00
1.00 0.00 40.00 0.00 0.00 0.00 0.00 0.00 0.00 0.00
0.00 0.00 0.00 33.00 0.00 1.00 0.00 0.00 0.00 0.00
0.00 0.00 0.00 1.00 43.00 0.00 0.00 0.00 0.00 0.00
0.00 0.00 0.00 1.00 0.00 36.00 0.00 0.00 0.00 0.00
0.00 0.00 0.00 0.00 0.00 0.00 40.00 0.00 0.00 0.00
0.00 0.00 0.00 0.00 0.00 0.00 0.00 44.00 0.00 0.00
0.00 0.00 0.00 0.00 0.00 0.00 0.00 0.00 45.00 0.00
0.00 0.00 0.00 0.00 0.00 0.00 0.00 0.00 0.00 43.00
# step500
32.00 0.00 0.00 0.00 0.00 0.00 0.00 0.00 0.00 0.00
0.00 52.00 0.00 0.00 0.00 0.00 0.00 0.00 0.00 0.00
0.00 0.00 40.00 0.00 0.00 0.00 0.00 0.00 0.00 0.00
0.00 0.00 0.00 28.00 0.00 2.00 0.00 0.00 0.00 0.00
0.00 0.00 0.00 0.00 48.00 0.00 0.00 0.00 0.00 0.00
0.00 0.00 1.00 1.00 1.00 46.00 0.00 1.00 0.00 0.00
0.00 0.00 0.00 1.00 0.00 0.00 39.00 0.00 0.00 0.00
0.00 0.00 0.00 0.00 1.00 0.00 0.00 26.00 0.00 0.00
0.00 0.00 0.00 0.00 0.00 0.00 0.00 0.00 41.00 0.00
0.00 0.00 0.00 1.00 0.00 0.00 0.00 0.00 0.00 51.00
# step600
48.00 0.00 0.00 0.00 0.00 0.00 0.00 0.00 0.00 0.00
0.00 45.00 0.00 0.00 0.00 0.00 0.00 0.00 0.00 2.00
0.00 0.00 37.00 0.00 0.00 0.00 0.00 0.00 0.00 0.00
1.00 0.00 0.00 30.00 0.00 4.00 0.00 0.00 0.00 0.00
0.00 0.00 0.00 0.00 46.00 0.00 0.00 0.00 0.00 0.00
0.00 0.00 0.00 0.00 0.00 39.00 0.00 0.00 0.00 0.00
0.00 0.00 0.00 0.00 0.00 0.00 43.00 0.00 0.00 0.00
0.00 0.00 0.00 0.00 0.00 0.00 0.00 34.00 0.00 0.00
0.00 0.00 0.00 0.00 0.00 0.00 0.00 0.00 40.00 0.00
0.00 0.00 0.00 0.00 0.00 0.00 0.00 0.00 0.00 46.00
# step700
36.00 0.00 0.00 0.00 0.00 0.00 0.00 0.00 0.00 0.00
0.00 34.00 0.00 0.00 0.00 0.00 0.00 0.00 0.00 0.00
1.00 0.00 40.00 0.00 0.00 0.00 1.00 0.00 0.00 0.00
0.00 0.00 0.00 33.00 0.00 1.00 0.00 0.00 0.00 0.00
0.00 0.00 0.00 1.00 44.00 1.00 0.00 0.00 0.00 0.00
0.00 0.00 0.00 0.00 0.00 29.00 1.00 0.00 0.00 0.00
0.00 0.00 0.00 0.00 0.00 0.00 39.00 0.00 0.00 0.00
0.00 0.00 0.00 0.00 0.00 0.00 0.00 46.00 0.00 0.00
0.00 0.00 0.00 0.00 0.00 0.00 0.00 0.00 46.00 0.00
0.00 0.00 0.00 0.00 0.00 0.00 0.00 0.00 0.00 53.00
# step800
30.00 0.00 0.00 0.00 0.00 0.00 0.00 0.00 1.00 0.00
0.00 35.00 0.00 0.00 0.00 0.00 0.00 0.00 0.00 0.00
0.00 0.00 43.00 0.00 0.00 1.00 0.00 1.00 0.00 0.00
1.00 0.00 0.00 35.00 0.00 2.00 0.00 0.00 0.00 0.00
0.00 0.00 1.00 1.00 34.00 0.00 0.00 0.00 0.00 0.00
0.00 0.00 0.00 0.00 0.00 42.00 0.00 2.00 0.00 0.00
0.00 0.00 0.00 1.00 0.00 0.00 47.00 0.00 0.00 0.00
0.00 0.00 0.00 1.00 0.00 0.00 0.00 35.00 0.00 0.00
0.00 0.00 0.00 0.00 0.00 0.00 0.00 0.00 52.00 0.00
0.00 1.00 0.00 0.00 0.00 0.00 0.00 0.00 0.00 43.00
# step900
29.00 0.00 1.00 0.00 0.00 0.00 0.00 0.00 0.00 0.00
0.00 48.00 0.00 0.00 0.00 0.00 0.00 0.00 0.00 0.00
0.00 0.00 48.00 0.00 0.00 0.00 0.00 0.00 0.00 0.00
0.00 0.00 0.00 28.00 1.00 4.00 0.00 0.00 0.00 0.00
0.00 0.00 0.00 0.00 39.00 0.00 0.00 0.00 1.00 0.00
0.00 0.00 0.00 1.00 0.00 32.00 0.00 1.00 0.00 0.00
0.00 0.00 0.00 0.00 0.00 1.00 43.00 0.00 0.00 0.00
0.00 0.00 0.00 0.00 0.00 1.00 0.00 43.00 0.00 0.00
1.00 0.00 0.00 0.00 0.00 0.00 0.00 0.00 33.00 0.00
0.00 0.00 0.00 0.00 0.00 0.00 0.00 0.00 0.00 55.00
# step1000
33.00 0.00 0.00 0.00 0.00 0.00 0.00 0.00 0.00 0.00
0.00 43.00 0.00 0.00 0.00 0.00 0.00 0.00 0.00 0.00
0.00 0.00 40.00 0.00 0.00 0.00 0.00 0.00 0.00 0.00
0.00 0.00 0.00 41.00 0.00 2.00 0.00 0.00 0.00 0.00
0.00 0.00 0.00 0.00 34.00 0.00 0.00 0.00 0.00 0.00
0.00 0.00 0.00 0.00 0.00 36.00 1.00 1.00 0.00 0.00
0.00 0.00 0.00 0.00 0.00 0.00 42.00 0.00 0.00 0.00
0.00 0.00 0.00 0.00 0.00 0.00 0.00 52.00 0.00 0.00
0.00 1.00 0.00 0.00 0.00 0.00 0.00 0.00 48.00 0.00
0.00 0.00 0.00 0.00 0.00 0.00 0.00 0.00 0.00 36.00
