# step0
39.00 0.00 0.00 0.00 0.00 0.00 0.00 0.00 0.00 0.00
0.00 44.00 0.00 0.00 0.00 0.00 0.00 0.00 0.00 0.00
3.00 0.00 44.00 0.00 0.00 0.00 0.00 0.00 0.00 0.00
0.00 0.00 0.00 33.00 1.00 4.00 1.00 0.00 0.00 0.00
0.00 0.00 0.00 1.00 36.00 0.00 0.00 0.00 0.00 0.00
0.00 0.00 0.00 0.00 0.00 33.00 0.00 1.00 0.00 0.00
0.00 0.00 0.00 0.00 0.00 0.00 59.00 0.00 0.00 0.00
0.00 0.00 0.00 0.00 0.00 0.00 0.00 37.00 0.00 0.00
0.00 0.00 0.00 0.00 0.00 0.00 0.00 0.00 48.00 0.00
0.00 0.00 0.00 0.00 0.00 0.00 0.00 0.00 0.00 43.00
# step100
38.00 0.00 3.00 0.00 0.00 0.00 0.00 0.00 0.00 0.00
0.00 41.00 0.00 0.00 0.00 0.00 0.00 0.00 0.00 1.00
0.00 0.00 36.00 0.00 0.00 0.00 1.00 0.00 0.00 0.00
0.00 0.00 0.00 34.00 0.00 0.00 0.00 0.00 0.00 0.00
0.00 0.00 0.00 0.00 38.00 0.00 0.00 0.00 0.00 0.00
0.00 0.00 0.00 4.00 1.00 43.00 0.00 1.00 0.00 0.00
0.00 0.00 0.00 0.00 0.00 0.00 41.00 0.00 0.00 0.00
0.00 0.00 0.00 0.00 1.00 0.00 0.00 47.00 0.00 0.00
0.00 0.00 0.00 0.00 0.00 0.00 0.00 0.00 59.00 0.00
0.00 0.00 0.00 0.00 0.00 0.00 0.00 0.00 0.00 41.00
# step200
41.00 0.00 0.00 0.00 0.00 0.00 0.00 0.00 0.00 0.00
1.00 36.00 0.00 0.00 0.00 0.00 0.00 0.00 0.00 0.00
0.00 0.00 40.00 0.00 0.00 1.00 0.00 0.00 1.00 0.00
0.00 0.00 0.00 31.00 0.00 4.00 0.00 0.00 0.00 0.00
0.00 0.00 0.00 0.00 39.00 0.00 0.00 0.00 0.00 0.00
0.00 0.00 0.00 0.00 0.00 46.00 0.00 0.00 0.00 0.00
1.00 0.00 0.00 0.00 0.00 0.00 40.00 0.00 0.00 0.00
0.00 0.00 0.00 0.00 0.00 0.00 0.00 40.00 0.00 0.00
0.00 1.00 0.00 0.00 0.00 0.00 0.00 0.00 48.00 0.00
0.00 2.00 0.00 0.00 0.00 0.00 0.00 0.00 0.00 42.00
# step300
36.00 0.00 1.00 1.00 0.00 0.00 0.00 0.00 0.00 0.00
0.00 50.00 0.00 0.00 0.00 0.00 0.00 0.00 0.00 1.00
1.00 0.00 43.00 0.00 0.00 0.00 0.00 0.00 0.00 0.00
0.00 0.00 0.00 34.00 0.00 3.00 0.00 1.00 0.00 0.00
0.00 0.00 0.00 0.00 38.00 0.00 0.00 0.00 0.00 0.00
0.00 0.00 0.00 1.00 1.00 32.00 0.00 0.00 0.00 0.00
0.00 0.00 0.00 0.00 0.00 0.00 37.00 0.00 0.00 0.00
0.00 0.00 0.00 0.00 0.00 0.00 0.00 54.00 0.00 0.00
0.00 0.00 0.00 0.00 0.00 0.00 0.00 0.00 52.00 0.00
0.00 0.00 0.00 0.00 0.00 0.00 0.00 0.00 0.00 40.00
# step400
41.00 0.00 2.00 0.00 0.00 0.00 0.00 0.00 0.00 0.00
0.00 37.00 0.00 0.00 0.00 0.00 0.00 0.00 0.00 0.00
0.00 0.00 39.00 0.00 0.00 0.00 0.00 0.00 0.00 0.00
0.00 0.00 0.00 40.00 0.00 0.00 1.00 0.00 0.00 0.00
0.00 0.00 0.00 1.00 45.00 0.00 0.00 0.00 0.00 0.00
0.00 0.00 0.00 1.00 0.00 35.00 0.00 0.00 0.00 1.00
0.00 0.00 0.00 0.00 0.00 0.00 37.00 0.00 0.00 0.00
0.00 0.00 0.00 0.00 0.00 0.00 0.00 47.00 0.00 0.00
0.00 0.00 0.00 0.00 0.00 0.00 0.00 0.00 37.00 0.00
0.00 1.00 0.00 0.00 0.00 0.00 0.00 0.00 0.00 55.00
# step500
46.00 0.00 0.00 0.00 0.00 0.00 0.00 0.00 0.00 0.00
0.00 41.00 0.00 0.00 0.00 0.00 0.00 0.00 0.00 1.00
0.00 0.00 39.00 0.00 0.00 0.00 1.00 1.00 0.00 0.00
0.00 0.00 1.00 35.00 0.00 3.00 0.00 1.00 0.00 0.00
0.00 0.00 0.00 0.00 33.00 0.00 0.00 0.00 0.00 0.00
0.00 0.00 0.00 2.00 0.00 46.00 0.00 0.00 0.00 0.00
0.00 0.00 0.00 0.00 0.00 0.00 49.00 0.00 0.00 0.00
0.00 0.00 0.00 0.00 1.00 0.00 0.00 37.00 0.00 0.00
0.00 0.00 0.00 0.00 0.00 0.00 0.00 0.00 46.00 0.00
0.00 1.00 0.00 0.00 0.00 0.00 0.00 0.00 0.00 46.00
# step600
44.00 0.00 1.00 0.00 0.00 0.00 0.00 0.00 0.00 0.00
0.00 49.00 0.00 0.00 0.00 0.00 0.00 0.00 0.00 0.00
0.00 0.00 32.00 1.00 0.00 0.00 1.00 0.00 0.00 0.00
0.00 0.00 1.00 45.00 0.00 2.00 1.00 0.00 0.00 0.00
0.00 0.00 0.00 0.00 41.00 0.00 0.00 0.00 0.00 0.00
0.00 0.00 0.00 0.00 0.00 35.00 0.00 1.00 0.00 0.00
0.00 0.00 0.00 0.00 0.00 0.00 39.00 0.00 0.00 0.00
0.00 0.00 0.00 0.00 0.00 0.00 0.00 43.00 0.00 0.00
0.00 0.00 0.00 0.00 0.00 0.00 0.00 0.00 46.00 0.00
0.00 1.00 0.00 0.00 0.00 0.00 0.00 0.00 0.00 47.00
# step700
45.00 0.00 0.00 0.00 0.00 0.00 0.00 0.00 0.00 0.00
0.00 40.00 0.00 0.00 0.00 0.00 0.00 0.00 0.00 0.00
1.00 0.00 42.00 0.00 0.00 0.00 0.00 0.00 0.00 0.00
0.00 0.00 0.00 37.00 0.00 2.00 0.00 0.00 0.00 0.00
0.00 0.00 0.00 0.00 39.00 0.00 0.00 0.00 0.00 0.00
0.00 0.00 0.00 0.00 0.00 39.00 0.00 1.00 0.00 0.00
0.00 0.00 0.00 0.00 0.00 0.00 49.00 0.00 0.00 0.00
0.00 0.00 0.00 0.00 0.00 0.00 0.00 35.00 0.00 0.00
0.00 0.00 0.00 0.00 0.00 0.00 0.00 0.00 49.00 0.00
0.00 0.00 0.00 0.00 0.00 0.00 0.00 0.00 0.00 41.00
# step800
36.00 0.00 0.00 0.00 0.00 0.00 0.00 0.00 0.00 0.00
0.00 39.00 0.00 0.00 0.00 0.00 0.00 0.00 0.00 0.00
0.00 0.00 44.00 0.00 0.00 0.00 0.00 0.00 0.00 0.00
0.00 0.00 1.00 39.00 0.00 1.00 0.00 0.00 0.00 0.00
0.00 0.00 0.00 0.00 46.00 0.00 0.00 1.00 0.00 0.00
0.00 0.00 1.00 2.00 0.00 37.00 0.00 0.00 0.00 0.00
0.00 0.00 0.00 0.00 0.00 0.00 46.00 0.00 0.00 0.00
0.00 0.00 0.00 1.00 1.00 0.00 0.00 41.00 0.00 0.00
0.00 0.00 0.00 0.00 0.00 0.00 0.00 0.00 38.00 0.00
0.00 1.00 0.00 0.00 0.00 0.00 0.00 0.00 0.00 40.00
# step900
37.00 1.00 0.00 0.00 0.00 0.00 0.00 0.00 1.00 0.00
1.00 44.00 0.00 0.00 0.00 0.00 0.00 0.00 0.00 0.00
2.00 0.00 32.00 0.00 0.00 0.00 0.00 0.00 0.00 0.00
0.00 0.00 0.00 34.00 0.00 3.00 0.00 0.00 0.00 0.00
0.00 0.00 0.00 0.00 39.00 0.00 0.00 0.00 0.00 0.00
0.00 0.00 0.00 1.00 0.00 36.00 0.00 0.00 0.00 0.00
0.00 0.00 0.00 1.00 0.00 0.00 43.00 0.00 0.00 0.00
0.00 0.00 0.00 0.00 0.00 0.00 0.00 59.00 0.00 0.00
0.00 0.00 0.00 0.00 0.00 0.00 0.00 0.00 46.00 0.00
0.00 0.00 0.00 0.00 0.00 0.00 0.00 0.00 0.00 45.00
# step1000
40.00 0.00 0.00 0.00 0.00 0.00 0.00 0.00 0.00 0.00
0.00 46.00 0.00 0.00 0.00 0.00 0.00 0.00 0.00 1.00
2.00 0.00 43.00 0.00 0.00 0.00 0.00 0.00 0.00 0.00
0.00 0.00 1.00 42.00 0.00 2.00 2.00 0.00 0.00 0.00
0.00 0.00 0.00 0.00 36.00 0.00 0.00 0.00 0.00 0.00
0.00 0.00 0.00 1.00 0.00 29.00 0.00 0.00 0.00 0.00
0.00 0.00 0.00 0.00 0.00 0.00 33.00 0.00 0.00 0.00
0.00 0.00 0.00 0.00 0.00 0.00 0.00 60.00 0.00 0.00
0.00 0.00 0.00 0.00 0.00 0.00 0.00 0.00 33.00 0.00
0.00 0.00 0.00 0.00 0.00 0.00 0.00 0.00 0.00 52.00
