# step0
11.00 1.00 2.00 0.00 1.00 33.00 0.00 0.00 0.00 0.00
3.00 1.00 0.00 0.00 0.00 26.00 0.00 0.00 0.00 0.00
3.00 2.00 7.00 0.00 0.00 31.00 0.00 0.00 0.00 1.00
1.00 0.00 5.00 0.00 0.00 34.00 0.00 0.00 0.00 0.00
2.00 0.00 7.00 0.00 1.00 30.00 0.00 0.00 0.00 0.00
1.00 0.00 4.00 0.00 0.00 38.00 0.00 0.00 0.00 0.00
3.00 0.00 5.00 0.00 0.00 38.00 0.00 0.00 0.00 0.00
1.00 0.00 5.00 0.00 0.00 37.00 0.00 0.00 0.00 0.00
7.00 0.00 1.00 0.00 0.00 49.00 0.00 0.00 0.00 0.00
2.00 0.00 2.00 0.00 0.00 53.00 0.00 0.00 0.00 0.00
# step100
19.00 7.00 5.00 0.00 1.00 1.00 1.00 1.00 14.00 0.00
0.00 31.00 1.00 0.00 1.00 0.00 1.00 2.00 2.00 5.00
0.00 2.00 17.00 4.00 5.00 6.00 2.00 2.00 3.00 1.00
3.00 1.00 9.00 11.00 4.00 10.00 4.00 8.00 0.00 1.00
5.00 0.00 17.00 4.00 12.00 5.00 1.00 3.00 1.00 0.00
1.00 0.00 1.00 6.00 2.00 19.00 0.00 6.00 0.00 2.00
0.00 1.00 4.00 5.00 18.00 2.00 17.00 1.00 1.00 0.00
2.00 3.00 6.00 3.00 8.00 2.00 1.00 10.00 0.00 3.00
5.00 10.00 0.00 0.00 1.00 2.00 0.00 2.00 29.00 1.00
2.00 18.00 0.00 0.00 1.00 1.00 0.00 3.00 6.00 10.00
# step200
24.00 0.00 3.00 2.00 2.00 1.00 1.00 1.00 17.00 7.00
1.00 22.00 0.00 2.00 0.00 1.00 0.00 0.00 4.00 20.00
2.00 1.00 13.00 3.00 1.00 14.00 4.00 1.00 3.00 1.00
1.00 0.00 1.00 7.00 0.00 32.00 4.00 3.00 1.00 2.00
4.00 1.00 6.00 2.00 7.00 4.00 6.00 3.00 0.00 0.00
1.00 0.00 0.00 5.00 3.00 22.00 2.00 7.00 0.00 1.00
2.00 1.00 5.00 4.00 5.00 4.00 20.00 2.00 0.00 3.00
0.00 1.00 0.00 3.00 10.00 5.00 5.00 23.00 0.00 5.00
7.00 2.00 0.00 3.00 0.00 1.00 0.00 0.00 17.00 3.00
2.00 4.00 0.00 1.00 0.00 1.00 0.00 2.00 2.00 29.00
# step300
23.00 1.00 4.00 3.00 0.00 1.00 1.00 1.00 10.00 2.00
3.00 26.00 1.00 2.00 0.00 1.00 2.00 2.00 7.00 2.00
1.00 0.00 12.00 4.00 7.00 4.00 5.00 5.00 2.00 2.00
0.00 2.00 6.00 12.00 1.00 12.00 3.00 6.00 0.00 4.00
2.00 0.00 4.00 2.00 22.00 3.00 9.00 4.00 2.00 0.00
1.00 0.00 4.00 7.00 2.00 19.00 2.00 6.00 0.00 1.00
0.00 0.00 2.00 1.00 0.00 2.00 19.00 2.00 1.00 0.00
0.00 0.00 2.00 3.00 5.00 3.00 0.00 33.00 1.00 3.00
11.00 0.00 0.00 1.00 0.00 1.00 1.00 0.00 39.00 1.00
4.00 8.00 0.00 4.00 0.00 0.00 1.00 4.00 4.00 22.00
# step400
17.00 1.00 3.00 2.00 0.00 0.00 0.00 0.00 16.00 5.00
0.00 33.00 0.00 1.00 1.00 0.00 0.00 0.00 2.00 7.00
3.00 3.00 17.00 3.00 11.00 6.00 4.00 2.00 0.00 0.00
1.00 3.00 1.00 6.00 6.00 18.00 3.00 3.00 0.00 0.00
4.00 1.00 5.00 0.00 24.00 5.00 3.00 7.00 1.00 1.00
1.00 1.00 7.00 5.00 2.00 26.00 2.00 0.00 0.00 0.00
1.00 1.00 6.00 4.00 5.00 2.00 28.00 1.00 0.00 0.00
2.00 1.00 1.00 2.00 6.00 5.00 0.00 21.00 0.00 2.00
3.00 3.00 1.00 1.00 1.00 1.00 0.00 0.00 38.00 2.00
1.00 6.00 0.00 1.00 0.00 0.00 0.00 1.00 3.00 25.00
# step500
32.00 1.00 2.00 1.00 0.00 1.00 3.00 1.00 9.00 1.00
0.00 34.00 0.00 0.00 1.00 0.00 0.00 1.00 3.00 10.00
6.00 0.00 10.00 3.00 4.00 7.00 8.00 2.00 1.00 0.00
0.00 0.00 4.00 19.00 5.00 11.00 6.00 6.00 2.00 1.00
4.00 0.00 1.00 2.00 20.00 5.00 5.00 8.00 0.00 0.00
0.00 2.00 2.00 13.00 4.00 14.00 4.00 4.00 1.00 0.00
0.00 0.00 3.00 1.00 2.00 3.00 26.00 1.00 0.00 0.00
1.00 0.00 0.00 1.00 7.00 1.00 0.00 23.00 0.00 0.00
3.00 2.00 0.00 0.00 4.00 0.00 0.00 0.00 38.00 2.00
2.00 0.00 1.00 3.00 2.00 0.00 0.00 2.00 5.00 31.00
# step600
21.00 3.00 10.00 0.00 1.00 1.00 1.00 1.00 5.00 1.00
0.00 37.00 3.00 0.00 0.00 0.00 1.00 0.00 5.00 9.00
0.00 1.00 20.00 4.00 7.00 5.00 1.00 0.00 0.00 2.00
0.00 2.00 10.00 4.00 6.00 17.00 4.00 4.00 2.00 0.00
0.00 0.00 3.00 2.00 23.00 8.00 3.00 2.00 1.00 1.00
0.00 0.00 4.00 1.00 7.00 26.00 1.00 2.00 0.00 0.00
0.00 1.00 2.00 0.00 6.00 3.00 33.00 0.00 0.00 0.00
0.00 0.00 3.00 1.00 7.00 2.00 0.00 42.00 0.00 1.00
5.00 3.00 0.00 0.00 0.00 1.00 1.00 0.00 29.00 2.00
0.00 2.00 0.00 1.00 0.00 0.00 0.00 0.00 3.00 28.00
# step700
28.00 1.00 0.00 1.00 2.00 0.00 0.00 0.00 8.00 3.00
2.00 34.00 0.00 1.00 0.00 0.00 1.00 0.00 2.00 4.00
5.00 0.00 18.00 2.00 1.00 4.00 3.00 2.00 2.00 1.00
4.00 0.00 4.00 20.00 4.00 12.00 6.00 4.00 0.00 3.00
2.00 1.00 5.00 2.00 21.00 0.00 4.00 4.00 0.00 0.00
0.00 0.00 0.00 12.00 2.00 22.00 2.00 2.00 0.00 1.00
1.00 1.00 4.00 5.00 7.00 2.00 32.00 1.00 0.00 1.00
1.00 2.00 2.00 2.00 5.00 4.00 0.00 28.00 0.00 1.00
5.00 2.00 0.00 0.00 0.00 0.00 0.00 0.00 29.00 2.00
3.00 5.00 0.00 2.00 2.00 0.00 0.00 1.00 2.00 34.00
# step800
21.00 4.00 9.00 3.00 0.00 1.00 2.00 3.00 6.00 3.00
0.00 35.00 0.00 1.00 0.00 1.00 1.00 1.00 3.00 5.00
3.00 0.00 19.00 4.00 3.00 4.00 3.00 1.00 1.00 0.00
3.00 0.00 5.00 11.00 2.00 11.00 11.00 2.00 2.00 1.00
0.00 1.00 6.00 2.00 23.00 3.00 6.00 4.00 1.00 0.00
0.00 0.00 5.00 5.00 2.00 19.00 5.00 4.00 0.00 1.00
0.00 0.00 1.00 3.00 2.00 2.00 42.00 0.00 0.00 0.00
0.00 1.00 1.00 2.00 2.00 5.00 2.00 34.00 0.00 0.00
3.00 1.00 0.00 1.00 0.00 1.00 0.00 1.00 32.00 1.00
0.00 7.00 0.00 0.00 0.00 0.00 2.00 4.00 2.00 24.00
# step900
23.00 2.00 5.00 2.00 2.00 0.00 0.00 1.00 3.00 1.00
5.00 26.00 0.00 2.00 0.00 0.00 0.00 0.00 3.00 11.00
13.00 0.00 20.00 9.00 10.00 3.00 1.00 0.00 1.00 0.00
2.00 0.00 3.00 19.00 5.00 6.00 1.00 2.00 0.00 0.00
1.00 0.00 1.00 4.00 18.00 3.00 2.00 3.00 2.00 0.00
2.00 0.00 1.00 10.00 2.00 26.00 1.00 3.00 1.00 0.00
2.00 0.00 3.00 4.00 2.00 3.00 28.00 1.00 1.00 0.00
1.00 0.00 2.00 5.00 4.00 3.00 0.00 30.00 0.00 1.00
6.00 0.00 0.00 1.00 1.00 0.00 0.00 0.00 34.00 3.00
4.00 2.00 0.00 2.00 0.00 0.00 0.00 4.00 0.00 40.00
# step1000
21.00 1.00 3.00 2.00 0.00 2.00 1.00 0.00 5.00 2.00
1.00 40.00 0.00 1.00 0.00 0.00 0.00 1.00 1.00 3.00
2.00 0.00 22.00 1.00 8.00 0.00 2.00 1.00 2.00 1.00
1.00 1.00 8.00 16.00 3.00 16.00 3.00 2.00 0.00 2.00
3.00 0.00 8.00 0.00 29.00 2.00 3.00 2.00 4.00 1.00
0.00 2.00 1.00 7.00 6.00 28.00 5.00 2.00 0.00 1.00
0.00 1.00 0.00 4.00 1.00 3.00 33.00 0.00 0.00 1.00
1.00 1.00 3.00 3.00 2.00 3.00 0.00 32.00 0.00 2.00
4.00 2.00 2.00 0.00 0.00 0.00 1.00 0.00 27.00 2.00
0.00 8.00 0.00 0.00 0.00 0.00 1.00 1.00 2.00 29.00
