# step0
0.00 0.00 1.00 0.00 0.00 2.00 0.00 0.00 0.00 0.00
1.00 0.00 0.00 0.00 0.00 6.00 0.00 0.00 0.00 0.00
1.00 0.00 3.00 0.00 1.00 2.00 0.00 0.00 0.00 0.00
1.00 0.00 0.00 0.00 0.00 7.00 0.00 0.00 0.00 0.00
0.00 0.00 1.00 0.00 0.00 3.00 0.00 0.00 0.00 0.00
0.00 0.00 1.00 0.00 0.00 7.00 0.00 0.00 0.00 0.00
1.00 0.00 2.00 0.00 0.00 5.00 0.00 0.00 0.00 0.00
0.00 0.00 0.00 0.00 0.00 7.00 0.00 0.00 0.00 0.00
1.00 0.00 0.00 0.00 0.00 5.00 0.00 0.00 0.00 0.00
0.00 0.00 0.00 0.00 0.00 6.00 0.00 0.00 0.00 0.00
# step100
3.00 0.00 0.00 0.00 0.00 1.00 0.00 1.00 3.00 1.00
0.00 5.00 0.00 0.00 0.00 0.00 0.00 0.00 0.00 0.00
1.00 0.00 3.00 0.00 2.00 0.00 0.00 0.00 0.00 0.00
1.00 0.00 0.00 1.00 0.00 0.00 0.00 1.00 0.00 0.00
0.00 0.00 1.00 0.00 2.00 0.00 0.00 2.00 2.00 1.00
0.00 0.00 2.00 2.00 0.00 2.00 1.00 0.00 0.00 0.00
0.00 0.00 1.00 0.00 1.00 1.00 2.00 1.00 1.00 0.00
0.00 0.00 3.00 0.00 2.00 0.00 0.00 3.00 0.00 0.00
0.00 1.00 0.00 0.00 0.00 0.00 0.00 0.00 5.00 0.00
0.00 1.00 0.00 0.00 0.00 0.00 1.00 2.00 0.00 1.00
# step200
2.00 0.00 0.00 0.00 0.00 0.00 0.00 0.00 0.00 1.00
0.00 4.00 0.00 0.00 0.00 0.00 0.00 0.00 1.00 1.00
0.00 0.00 4.00 0.00 2.00 2.00 2.00 0.00 0.00 2.00
0.00 0.00 0.00 2.00 0.00 3.00 1.00 0.00 0.00 1.00
1.00 1.00 1.00 0.00 0.00 0.00 1.00 1.00 0.00 0.00
0.00 0.00 0.00 1.00 0.00 4.00 0.00 0.00 0.00 1.00
0.00 0.00 0.00 0.00 1.00 0.00 3.00 0.00 0.00 0.00
0.00 0.00 1.00 0.00 0.00 0.00 0.00 2.00 0.00 0.00
3.00 0.00 1.00 0.00 0.00 0.00 0.00 0.00 5.00 1.00
0.00 1.00 0.00 0.00 0.00 0.00 1.00 0.00 0.00 6.00
# step300
4.00 0.00 0.00 0.00 1.00 0.00 0.00 0.00 1.00 0.00
2.00 2.00 0.00 0.00 0.00 0.00 0.00 0.00 3.00 2.00
0.00 0.00 1.00 0.00 1.00 0.00 0.00 1.00 1.00 0.00
0.00 0.00 0.00 2.00 0.00 2.00 0.00 2.00 0.00 0.00
0.00 0.00 0.00 0.00 1.00 0.00 0.00 0.00 0.00 0.00
0.00 0.00 1.00 1.00 0.00 4.00 0.00 0.00 0.00 0.00
0.00 0.00 1.00 1.00 1.00 0.00 4.00 0.00 0.00 0.00
0.00 0.00 0.00 0.00 1.00 1.00 0.00 4.00 0.00 1.00
0.00 1.00 0.00 0.00 0.00 0.00 0.00 0.00 7.00 0.00
0.00 2.00 0.00 0.00 0.00 0.00 1.00 1.00 3.00 3.00
# step400
3.00 0.00 0.00 0.00 1.00 0.00 0.00 0.00 2.00 0.00
0.00 6.00 0.00 0.00 0.00 0.00 0.00 0.00 0.00 1.00
0.00 0.00 5.00 1.00 0.00 0.00 3.00 1.00 0.00 0.00
0.00 0.00 0.00 1.00 0.00 1.00 0.00 0.00 0.00 0.00
0.00 0.00 0.00 1.00 1.00 2.00 1.00 1.00 0.00 0.00
1.00 0.00 0.00 1.00 1.00 3.00 1.00 0.00 1.00 0.00
0.00 0.00 1.00 0.00 1.00 1.00 4.00 1.00 0.00 0.00
0.00 0.00 0.00 0.00 1.00 0.00 0.00 3.00 0.00 0.00
0.00 0.00 0.00 0.00 0.00 0.00 0.00 0.00 5.00 0.00
0.00 0.00 0.00 0.00 0.00 0.00 0.00 0.00 0.00 8.00
# step500
2.00 0.00 0.00 0.00 0.00 0.00 0.00 0.00 0.00 0.00
1.00 5.00 0.00 0.00 0.00 0.00 0.00 0.00 0.00 1.00
2.00 1.00 2.00 3.00 0.00 1.00 1.00 0.00 0.00 0.00
0.00 0.00 1.00 0.00 0.00 1.00 2.00 0.00 0.00 0.00
0.00 0.00 1.00 1.00 4.00 0.00 2.00 1.00 0.00 0.00
0.00 0.00 0.00 2.00 0.00 7.00 0.00 0.00 0.00 0.00
1.00 0.00 0.00 0.00 0.00 0.00 6.00 0.00 0.00 0.00
0.00 0.00 0.00 0.00 0.00 0.00 0.00 5.00 0.00 0.00
0.00 0.00 0.00 0.00 0.00 0.00 0.00 0.00 5.00 0.00
0.00 1.00 0.00 0.00 0.00 0.00 0.00 0.00 0.00 5.00
# step600
1.00 0.00 1.00 0.00 0.00 0.00 0.00 0.00 0.00 0.00
0.00 3.00 0.00 0.00 0.00 0.00 0.00 1.00 3.00 0.00
0.00 0.00 2.00 1.00 0.00 1.00 0.00 0.00 0.00 0.00
0.00 0.00 0.00 1.00 1.00 6.00 0.00 2.00 0.00 0.00
1.00 0.00 0.00 0.00 5.00 2.00 1.00 0.00 0.00 0.00
0.00 0.00 0.00 0.00 1.00 4.00 0.00 0.00 0.00 0.00
0.00 0.00 0.00 0.00 2.00 0.00 6.00 0.00 0.00 0.00
0.00 0.00 0.00 0.00 1.00 1.00 0.00 2.00 0.00 0.00
1.00 2.00 0.00 0.00 0.00 0.00 0.00 0.00 6.00 0.00
0.00 0.00 0.00 0.00 0.00 0.00 0.00 0.00 0.00 6.00
# step700
2.00 0.00 1.00 0.00 0.00 0.00 0.00 1.00 1.00 0.00
0.00 4.00 0.00 0.00 0.00 0.00 0.00 0.00 0.00 0.00
0.00 0.00 6.00 0.00 4.00 1.00 1.00 0.00 0.00 0.00
0.00 0.00 2.00 3.00 3.00 1.00 2.00 0.00 0.00 0.00
0.00 0.00 2.00 0.00 2.00 1.00 1.00 0.00 0.00 0.00
0.00 0.00 0.00 0.00 0.00 3.00 0.00 1.00 0.00 0.00
0.00 0.00 0.00 1.00 0.00 0.00 4.00 0.00 0.00 1.00
0.00 0.00 1.00 0.00 0.00 0.00 0.00 4.00 0.00 0.00
3.00 0.00 0.00 0.00 0.00 0.00 0.00 0.00 1.00 0.00
0.00 1.00 0.00 0.00 0.00 0.00 0.00 0.00 0.00 6.00
# step800
3.00 0.00 1.00 0.00 0.00 0.00 0.00 0.00 1.00 0.00
0.00 7.00 0.00 0.00 0.00 0.00 0.00 0.00 0.00 0.00
2.00 0.00 4.00 0.00 0.00 0.00 0.00 1.00 0.00 0.00
0.00 0.00 0.00 4.00 0.00 0.00 2.00 1.00 0.00 0.00
0.00 0.00 1.00 0.00 4.00 1.00 1.00 1.00 0.00 0.00
0.00 0.00 2.00 1.00 0.00 8.00 0.00 0.00 0.00 0.00
0.00 0.00 0.00 0.00 1.00 1.00 3.00 0.00 0.00 0.00
0.00 0.00 0.00 0.00 0.00 0.00 0.00 5.00 0.00 0.00
0.00 0.00 0.00 0.00 0.00 0.00 0.00 0.00 3.00 0.00
0.00 0.00 0.00 0.00 0.00 0.00 0.00 0.00 0.00 6.00
# step900
5.00 0.00 1.00 0.00 0.00 0.00 0.00 1.00 0.00 0.00
1.00 4.00 0.00 0.00 0.00 0.00 0.00 0.00 0.00 0.00
0.00 0.00 6.00 0.00 1.00 0.00 1.00 0.00 0.00 1.00
0.00 0.00 1.00 3.00 0.00 2.00 0.00 0.00 0.00 0.00
0.00 0.00 0.00 1.00 3.00 0.00 1.00 1.00 0.00 0.00
0.00 0.00 0.00 0.00 0.00 2.00 1.00 0.00 0.00 0.00
0.00 0.00 1.00 1.00 0.00 0.00 1.00 1.00 0.00 0.00
0.00 0.00 0.00 0.00 0.00 2.00 0.00 1.00 0.00 1.00
0.00 1.00 0.00 0.00 0.00 0.00 0.00 0.00 6.00 2.00
0.00 1.00 0.00 0.00 0.00 0.00 0.00 1.00 0.00 9.00
# step1000
8.00 0.00 0.00 0.00 0.00 0.00 0.00 0.00 0.00 1.00
2.00 5.00 0.00 0.00 0.00 0.00 0.00 0.00 0.00 0.00
1.00 0.00 6.00 1.00 0.00 0.00 0.00 0.00 0.00 0.00
0.00 0.00 0.00 5.00 1.00 1.00 0.00 1.00 0.00 0.00
0.00 0.00 0.00 0.00 4.00 1.00 0.00 0.00 0.00 1.00
0.00 0.00 0.00 1.00 1.00 1.00 0.00 0.00 0.00 0.00
0.00 0.00 0.00 0.00 0.00 0.00 5.00 0.00 0.00 0.00
0.00 2.00 0.00 0.00 1.00 0.00 0.00 7.00 0.00 0.00
0.00 0.00 0.00 0.00 0.00 0.00 0.00 0.00 1.00 0.00
1.00 1.00 0.00 0.00 0.00 0.00 0.00 0.00 0.00 5.00
