# step0
43.00 1.00 1.00 1.00 0.00 0.00 0.00 0.00 0.00 0.00
0.00 56.00 0.00 0.00 0.00 0.00 0.00 0.00 0.00 2.00
0.00 0.00 37.00 0.00 0.00 0.00 0.00 0.00 1.00 0.00
0.00 0.00 2.00 37.00 0.00 6.00 0.00 0.00 0.00 0.00
0.00 0.00 1.00 2.00 55.00 0.00 0.00 0.00 0.00 0.00
0.00 0.00 0.00 3.00 0.00 32.00 0.00 0.00 0.00 0.00
0.00 0.00 1.00 0.00 0.00 0.00 41.00 0.00 0.00 0.00
0.00 0.00 0.00 0.00 0.00 2.00 0.00 40.00 0.00 0.00
0.00 0.00 0.00 0.00 0.00 0.00 1.00 0.00 34.00 0.00
0.00 0.00 0.00 1.00 0.00 0.00 0.00 0.00 0.00 48.00
# step100
46.00 0.00 0.00 1.00 0.00 0.00 0.00 1.00 0.00 0.00
0.00 39.00 0.00 0.00 0.00 0.00 0.00 0.00 1.00 0.00
0.00 0.00 44.00 1.00 0.00 0.00 2.00 1.00 0.00 0.00
0.00 0.00 0.00 29.00 2.00 5.00 1.00 0.00 0.00 0.00
0.00 0.00 0.00 1.00 47.00 0.00 1.00 0.00 0.00 0.00
1.00 0.00 0.00 1.00 0.00 47.00 0.00 1.00 0.00 0.00
0.00 0.00 0.00 0.00 0.00 0.00 34.00 0.00 0.00 0.00
0.00 0.00 0.00 1.00 1.00 2.00 0.00 39.00 0.00 0.00
0.00 0.00 0.00 0.00 0.00 0.00 0.00 0.00 44.00 0.00
0.00 0.00 0.00 0.00 0.00 0.00 1.00 0.00 1.00 53.00
# step200
49.00 0.00 0.00 0.00 0.00 0.00 0.00 0.00 3.00 0.00
0.00 40.00 0.00 0.00 0.00 0.00 0.00 0.00 0.00 1.00
2.00 0.00 49.00 0.00 0.00 0.00 0.00 0.00 0.00 0.00
0.00 0.00 1.00 41.00 0.00 4.00 0.00 0.00 0.00 1.00
0.00 0.00 0.00 0.00 45.00 0.00 2.00 1.00 0.00 0.00
0.00 0.00 2.00 1.00 1.00 35.00 2.00 1.00 0.00 0.00
0.00 0.00 0.00 1.00 0.00 0.00 45.00 0.00 0.00 0.00
0.00 0.00 0.00 0.00 1.00 0.00 0.00 36.00 0.00 0.00
0.00 0.00 0.00 0.00 0.00 0.00 0.00 0.00 37.00 0.00
1.00 4.00 0.00 0.00 0.00 0.00 0.00 0.00 0.00 42.00
# step300
52.00 0.00 1.00 1.00 0.00 1.00 0.00 2.00 0.00 0.00
0.00 34.00 0.00 0.00 0.00 0.00 0.00 0.00 0.00 1.00
1.00 0.00 45.00 2.00 2.00 0.00 0.00 0.00 0.00 0.00
0.00 0.00 0.00 31.00 0.00 5.00 0.00 0.00 0.00 0.00
0.00 0.00 0.00 0.00 40.00 0.00 1.00 0.00 0.00 0.00
0.00 0.00 0.00 2.00 0.00 36.00 0.00 0.00 0.00 0.00
0.00 0.00 0.00 0.00 1.00 0.00 49.00 0.00 0.00 0.00
0.00 0.00 0.00 0.00 1.00 0.00 0.00 38.00 1.00 0.00
0.00 0.00 0.00 0.00 0.00 0.00 0.00 0.00 53.00 0.00
0.00 0.00 0.00 0.00 0.00 0.00 0.00 0.00 0.00 48.00
# step400
38.00 1.00 0.00 0.00 0.00 0.00 0.00 0.00 0.00 0.00
0.00 46.00 0.00 0.00 0.00 0.00 0.00 0.00 0.00 0.00
2.00 0.00 46.00 1.00 1.00 0.00 0.00 0.00 0.00 0.00
0.00 0.00 2.00 38.00 2.00 2.00 1.00 0.00 0.00 0.00
0.00 0.00 0.00 1.00 47.00 0.00 0.00 0.00 0.00 0.00
0.00 0.00 0.00 1.00 0.00 39.00 0.00 0.00 0.00 0.00
0.00 0.00 1.00 0.00 0.00 0.00 42.00 0.00 0.00 0.00
0.00 0.00 0.00 0.00 0.00 0.00 0.00 45.00 0.00 0.00
0.00 0.00 0.00 0.00 0.00 0.00 0.00 0.00 46.00 0.00
0.00 2.00 0.00 0.00 0.00 0.00 0.00 0.00 0.00 44.00
# step500
35.00 0.00 0.00 0.00 0.00 0.00 0.00 0.00 0.00 0.00
0.00 54.00 0.00 0.00 0.00 0.00 0.00 0.00 0.00 0.00
0.00 0.00 41.00 1.00 0.00 0.00 0.00 0.00 0.00 0.00
1.00 0.00 0.00 33.00 1.00 4.00 0.00 0.00 0.00 0.00
0.00 0.00 1.00 0.00 50.00 0.00 0.00 3.00 0.00 0.00
0.00 0.00 1.00 4.00 1.00 48.00 0.00 2.00 0.00 0.00
0.00 0.00 0.00 1.00 0.00 1.00 40.00 0.00 0.00 0.00
0.00 0.00 0.00 1.00 1.00 0.00 0.00 26.00 0.00 0.00
0.00 0.00 0.00 0.00 0.00 0.00 0.00 0.00 44.00 0.00
0.00 0.00 0.00 1.00 0.00 0.00 0.00 0.00 0.00 53.00
# step600
50.00 0.00 1.00 0.00 1.00 1.00 0.00 0.00 1.00 0.00
0.00 48.00 0.00 0.00 0.00 0.00 0.00 0.00 0.00 3.00
1.00 0.00 37.00 0.00 1.00 0.00 0.00 0.00 0.00 0.00
1.00 0.00 1.00 34.00 0.00 4.00 1.00 0.00 0.00 0.00
0.00 0.00 0.00 0.00 49.00 1.00 0.00 0.00 0.00 0.00
0.00 0.00 0.00 1.00 0.00 41.00 0.00 1.00 0.00 0.00
0.00 0.00 0.00 0.00 0.00 0.00 43.00 0.00 0.00 0.00
0.00 0.00 0.00 0.00 0.00 0.00 0.00 35.00 0.00 0.00
2.00 0.00 0.00 0.00 0.00 0.00 0.00 0.00 41.00 0.00
0.00 0.00 0.00 0.00 0.00 0.00 0.00 0.00 0.00 49.00
# step700
37.00 0.00 0.00 0.00 0.00 0.00 0.00 0.00 0.00 0.00
0.00 34.00 0.00 0.00 0.00 0.00 0.00 0.00 0.00 1.00
1.00 0.00 42.00 1.00 1.00 1.00 1.00 0.00 0.00 0.00
0.00 0.00 0.00 40.00 0.00 3.00 0.00 0.00 0.00 0.00
0.00 0.00 1.00 2.00 46.00 1.00 1.00 0.00 0.00 0.00
0.00 0.00 0.00 2.00 0.00 35.00 1.00 0.00 0.00 0.00
0.00 0.00 0.00 0.00 0.00 0.00 43.00 0.00 0.00 0.00
0.00 0.00 0.00 0.00 0.00 0.00 0.00 46.00 0.00 0.00
0.00 0.00 0.00 0.00 0.00 0.00 0.00 0.00 49.00 0.00
0.00 2.00 0.00 0.00 0.00 0.00 0.00 0.00 0.00 57.00
# step800
31.00 0.00 0.00 0.00 0.00 0.00 0.00 1.00 1.00 0.00
0.00 35.00 0.00 0.00 0.00 0.00 0.00 0.00 0.00 1.00
0.00 0.00 46.00 0.00 1.00 1.00 0.00 1.00 0.00 0.00
1.00 0.00 0.00 41.00 1.00 3.00 0.00 1.00 0.00 0.00
0.00 0.00 1.00 1.00 37.00 0.00 0.00 1.00 0.00 0.00
0.00 0.00 1.00 3.00 1.00 46.00 0.00 2.00 0.00 0.00
0.00 0.00 0.00 1.00 0.00 2.00 50.00 0.00 0.00 0.00
0.00 0.00 0.00 1.00 0.00 1.00 0.00 36.00 0.00 0.00
0.00 0.00 0.00 0.00 0.00 0.00 0.00 0.00 53.00 1.00
0.00 1.00 0.00 0.00 0.00 0.00 0.00 0.00 1.00 43.00
# step900
31.00 0.00 1.00 0.00 0.00 0.00 0.00 0.00 2.00 0.00
0.00 48.00 0.00 0.00 0.00 0.00 0.00 0.00 0.00 0.00
1.00 0.00 52.00 0.00 0.00 1.00 0.00 0.00 1.00 0.00
0.00 0.00 1.00 35.00 1.00 9.00 0.00 0.00 0.00 0.00
0.00 0.00 0.00 0.00 40.00 0.00 1.00 0.00 1.00 0.00
0.00 0.00 0.00 2.00 1.00 37.00 0.00 1.00 0.00 0.00
0.00 0.00 0.00 0.00 0.00 1.00 43.00 0.00 0.00 0.00
0.00 0.00 0.00 0.00 0.00 2.00 0.00 46.00 0.00 0.00
1.00 0.00 0.00 0.00 0.00 0.00 0.00 0.00 34.00 0.00
0.00 0.00 0.00 0.00 0.00 0.00 0.00 0.00 0.00 55.00
# step1000
33.00 0.00 0.00 0.00 0.00 0.00 0.00 0.00 0.00 0.00
0.00 44.00 0.00 0.00 0.00 0.00 0.00 0.00 0.00 1.00
0.00 0.00 42.00 0.00 1.00 1.00 1.00 1.00 0.00 0.00
0.00 0.00 1.00 48.00 1.00 4.00 0.00 0.00 0.00 0.00
0.00 0.00 1.00 0.00 39.00 0.00 0.00 0.00 0.00 0.00
0.00 0.00 0.00 1.00 0.00 37.00 1.00 1.00 0.00 0.00
0.00 0.00 0.00 0.00 0.00 0.00 47.00 0.00 0.00 0.00
1.00 0.00 0.00 1.00 0.00 0.00 0.00 52.00 0.00 0.00
0.00 1.00 0.00 0.00 0.00 0.00 0.00 0.00 50.00 0.00
0.00 1.00 1.00 0.00 0.00 0.00 0.00 0.00 0.00 36.00
