# step0
0.00 0.00 0.00 0.00 2.00 1.00 0.00 0.00 0.00 0.00
0.00 0.00 0.00 0.00 1.00 1.00 0.00 0.00 0.00 0.00
0.00 0.00 0.00 0.00 7.00 0.00 0.00 0.00 0.00 0.00
0.00 0.00 0.00 0.00 5.00 0.00 0.00 0.00 0.00 0.00
0.00 0.00 0.00 0.00 2.00 0.00 0.00 0.00 0.00 0.00
0.00 0.00 0.00 0.00 5.00 0.00 0.00 0.00 0.00 0.00
0.00 0.00 0.00 0.00 1.00 0.00 0.00 0.00 0.00 0.00
0.00 0.00 0.00 0.00 0.00 0.00 0.00 0.00 0.00 0.00
0.00 0.00 0.00 0.00 1.00 2.00 0.00 0.00 0.00 0.00
0.00 0.00 0.00 0.00 4.00 0.00 0.00 0.00 0.00 0.00
# step100
1.00 1.00 0.00 0.00 0.00 1.00 0.00 0.00 0.00 0.00
0.00 1.00 0.00 0.00 0.00 0.00 0.00 0.00 0.00 0.00
1.00 0.00 0.00 0.00 0.00 0.00 0.00 0.00 0.00 0.00
0.00 0.00 1.00 0.00 0.00 0.00 2.00 0.00 0.00 0.00
0.00 0.00 2.00 1.00 0.00 0.00 0.00 0.00 0.00 0.00
0.00 0.00 0.00 1.00 0.00 0.00 2.00 0.00 0.00 0.00
0.00 0.00 0.00 1.00 0.00 0.00 3.00 0.00 0.00 0.00
0.00 1.00 0.00 0.00 1.00 0.00 1.00 1.00 0.00 0.00
4.00 0.00 0.00 0.00 0.00 0.00 0.00 0.00 0.00 0.00
1.00 3.00 0.00 0.00 0.00 0.00 2.00 0.00 0.00 0.00
# step200
3.00 0.00 0.00 1.00 0.00 2.00 0.00 0.00 1.00 1.00
0.00 1.00 0.00 0.00 0.00 0.00 0.00 1.00 1.00 0.00
0.00 0.00 0.00 0.00 2.00 0.00 0.00 0.00 0.00 0.00
0.00 0.00 0.00 1.00 0.00 2.00 1.00 0.00 0.00 0.00
0.00 0.00 0.00 1.00 1.00 1.00 1.00 0.00 0.00 0.00
0.00 0.00 0.00 0.00 0.00 2.00 0.00 0.00 0.00 1.00
0.00 0.00 0.00 0.00 0.00 0.00 1.00 0.00 0.00 0.00
0.00 1.00 0.00 0.00 0.00 0.00 1.00 0.00 0.00 0.00
1.00 1.00 0.00 0.00 0.00 0.00 0.00 0.00 0.00 0.00
1.00 0.00 0.00 0.00 0.00 0.00 0.00 1.00 0.00 1.00
# step300
0.00 0.00 0.00 0.00 0.00 0.00 0.00 0.00 0.00 0.00
0.00 2.00 0.00 0.00 0.00 0.00 0.00 0.00 0.00 1.00
0.00 0.00 3.00 1.00 0.00 0.00 0.00 1.00 0.00 0.00
0.00 0.00 0.00 2.00 0.00 0.00 0.00 0.00 0.00 0.00
0.00 0.00 1.00 0.00 0.00 1.00 1.00 0.00 0.00 0.00
0.00 0.00 1.00 1.00 0.00 0.00 0.00 0.00 0.00 0.00
0.00 0.00 0.00 0.00 0.00 0.00 2.00 0.00 0.00 1.00
0.00 0.00 0.00 2.00 0.00 0.00 0.00 2.00 0.00 0.00
0.00 1.00 0.00 0.00 0.00 0.00 0.00 0.00 4.00 3.00
0.00 1.00 0.00 0.00 0.00 0.00 0.00 0.00 0.00 1.00
# step400
0.00 1.00 1.00 0.00 0.00 0.00 1.00 0.00 0.00 1.00
0.00 3.00 0.00 0.00 0.00 0.00 0.00 0.00 0.00 0.00
1.00 0.00 0.00 0.00 0.00 0.00 0.00 0.00 0.00 0.00
0.00 0.00 2.00 0.00 0.00 1.00 0.00 0.00 0.00 0.00
0.00 0.00 0.00 0.00 0.00 1.00 1.00 0.00 0.00 0.00
0.00 0.00 0.00 0.00 0.00 0.00 0.00 0.00 0.00 0.00
0.00 0.00 1.00 0.00 0.00 0.00 3.00 0.00 0.00 0.00
0.00 0.00 0.00 0.00 0.00 0.00 0.00 3.00 0.00 0.00
2.00 1.00 0.00 0.00 0.00 0.00 0.00 0.00 2.00 0.00
1.00 0.00 0.00 0.00 0.00 0.00 0.00 4.00 0.00 2.00
# step500
2.00 0.00 0.00 0.00 1.00 0.00 0.00 1.00 0.00 0.00
0.00 1.00 0.00 0.00 0.00 0.00 0.00 0.00 0.00 0.00
0.00 0.00 0.00 1.00 0.00 0.00 0.00 0.00 0.00 0.00
1.00 0.00 0.00 0.00 0.00 1.00 1.00 0.00 0.00 0.00
0.00 0.00 1.00 0.00 2.00 0.00 2.00 0.00 0.00 0.00
0.00 0.00 0.00 0.00 0.00 1.00 1.00 1.00 0.00 0.00
0.00 0.00 0.00 0.00 0.00 0.00 4.00 0.00 0.00 0.00
0.00 0.00 0.00 1.00 0.00 0.00 0.00 2.00 0.00 0.00
0.00 0.00 0.00 1.00 0.00 0.00 0.00 0.00 4.00 0.00
0.00 2.00 0.00 0.00 0.00 0.00 0.00 0.00 0.00 1.00
# step600
2.00 0.00 0.00 0.00 0.00 0.00 0.00 0.00 0.00 0.00
1.00 2.00 0.00 0.00 0.00 0.00 0.00 0.00 0.00 0.00
0.00 0.00 1.00 0.00 0.00 0.00 0.00 0.00 0.00 0.00
0.00 0.00 2.00 3.00 1.00 3.00 0.00 0.00 0.00 0.00
0.00 0.00 0.00 0.00 3.00 0.00 0.00 1.00 0.00 0.00
0.00 0.00 1.00 0.00 0.00 2.00 0.00 1.00 0.00 0.00
0.00 0.00 0.00 1.00 0.00 0.00 0.00 0.00 0.00 0.00
1.00 0.00 0.00 0.00 0.00 0.00 0.00 2.00 0.00 0.00
1.00 0.00 0.00 1.00 0.00 0.00 0.00 0.00 2.00 0.00
0.00 1.00 0.00 0.00 0.00 0.00 0.00 0.00 0.00 0.00
# step700
1.00 0.00 0.00 0.00 0.00 0.00 0.00 0.00 0.00 1.00
0.00 1.00 1.00 0.00 0.00 0.00 1.00 0.00 0.00 2.00
0.00 0.00 2.00 0.00 0.00 1.00 0.00 0.00 0.00 0.00
0.00 0.00 1.00 0.00 0.00 0.00 0.00 0.00 0.00 0.00
0.00 0.00 1.00 0.00 1.00 0.00 0.00 0.00 0.00 0.00
0.00 0.00 1.00 0.00 0.00 3.00 0.00 0.00 0.00 0.00
0.00 0.00 0.00 0.00 0.00 0.00 3.00 0.00 0.00 0.00
0.00 0.00 0.00 0.00 0.00 0.00 0.00 5.00 0.00 0.00
2.00 0.00 0.00 0.00 0.00 0.00 0.00 0.00 1.00 1.00
0.00 0.00 0.00 0.00 0.00 0.00 0.00 0.00 0.00 3.00
# step800
2.00 0.00 0.00 0.00 0.00 0.00 0.00 0.00 2.00 0.00
0.00 3.00 0.00 0.00 0.00 0.00 0.00 0.00 0.00 0.00
1.00 0.00 2.00 2.00 0.00 0.00 0.00 0.00 0.00 0.00
0.00 0.00 0.00 2.00 0.00 0.00 0.00 0.00 0.00 1.00
0.00 0.00 0.00 0.00 1.00 0.00 0.00 1.00 0.00 0.00
0.00 0.00 0.00 0.00 0.00 1.00 0.00 0.00 0.00 0.00
0.00 0.00 0.00 1.00 1.00 0.00 3.00 0.00 0.00 0.00
0.00 0.00 0.00 1.00 0.00 0.00 0.00 3.00 0.00 0.00
0.00 0.00 0.00 0.00 0.00 0.00 0.00 0.00 4.00 0.00
0.00 1.00 0.00 0.00 0.00 0.00 0.00 0.00 0.00 0.00
# step900
1.00 0.00 0.00 0.00 0.00 0.00 0.00 0.00 0.00 0.00
0.00 3.00 0.00 0.00 0.00 0.00 0.00 0.00 0.00 1.00
0.00 0.00 1.00 0.00 0.00 1.00 3.00 0.00 1.00 0.00
0.00 0.00 0.00 0.00 0.00 2.00 1.00 0.00 0.00 0.00
0.00 0.00 0.00 0.00 5.00 0.00 0.00 2.00 0.00 0.00
0.00 0.00 0.00 0.00 0.00 3.00 0.00 0.00 0.00 0.00
0.00 0.00 0.00 0.00 0.00 0.00 2.00 0.00 0.00 0.00
0.00 0.00 1.00 0.00 0.00 0.00 0.00 0.00 0.00 0.00
1.00 0.00 0.00 0.00 0.00 0.00 0.00 0.00 2.00 0.00
0.00 0.00 0.00 0.00 0.00 0.00 0.00 0.00 0.00 2.00
# step1000
4.00 0.00 0.00 0.00 0.00 0.00 0.00 0.00 0.00 0.00
1.00 5.00 0.00 0.00 0.00 0.00 0.00 0.00 0.00 0.00
0.00 0.00 2.00 0.00 0.00 0.00 0.00 0.00 0.00 0.00
2.00 0.00 0.00 1.00 0.00 0.00 0.00 0.00 0.00 2.00
0.00 0.00 1.00 0.00 1.00 0.00 0.00 0.00 0.00 0.00
0.00 0.00 2.00 1.00 0.00 1.00 0.00 1.00 0.00 0.00
0.00 0.00 0.00 0.00 0.00 0.00 1.00 0.00 0.00 0.00
0.00 0.00 0.00 0.00 0.00 0.00 0.00 1.00 0.00 0.00
1.00 0.00 0.00 0.00 0.00 0.00 0.00 0.00 1.00 0.00
0.00 1.00 0.00 0.00 0.00 0.00 0.00 0.00 0.00 3.00
# step1100
5.00 0.00 1.00 0.00 0.00 0.00 0.00 0.00 0.00 0.00
0.00 2.00 0.00 0.00 0.00 0.00 0.00 0.00 0.00 0.00
0.00 0.00 2.00 0.00 0.00 0.00 0.00 0.00 0.00 0.00
0.00 0.00 0.00 1.00 0.00 2.00 1.00 0.00 0.00 0.00
0.00 0.00 0.00 0.00 1.00 0.00 0.00 1.00 0.00 0.00
0.00 0.00 1.00 0.00 0.00 4.00 0.00 0.00 0.00 0.00
0.00 0.00 0.00 0.00 0.00 0.00 3.00 0.00 0.00 0.00
0.00 0.00 0.00 0.00 0.00 0.00 0.00 4.00 0.00 0.00
0.00 0.00 0.00 0.00 0.00 0.00 0.00 0.00 2.00 0.00
0.00 0.00 0.00 0.00 0.00 0.00 0.00 0.00 1.00 1.00
# step1200
7.00 0.00 0.00 0.00 0.00 0.00 0.00 1.00 0.00 0.00
0.00 5.00 0.00 0.00 0.00 0.00 0.00 0.00 0.00 0.00
0.00 0.00 1.00 0.00 0.00 0.00 0.00 0.00 0.00 0.00
0.00 0.00 0.00 1.00 0.00 3.00 0.00 0.00 0.00 0.00
0.00 0.00 0.00 0.00 0.00 0.00 0.00 2.00 0.00 0.00
0.00 0.00 0.00 0.00 0.00 1.00 0.00 0.00 0.00 0.00
0.00 0.00 0.00 0.00 0.00 0.00 2.00 0.00 0.00 0.00
0.00 0.00 0.00 0.00 0.00 0.00 1.00 2.00 0.00 0.00
0.00 0.00 0.00 0.00 0.00 0.00 0.00 0.00 4.00 0.00
0.00 0.00 0.00 0.00 0.00 0.00 0.00 1.00 0.00 1.00
# step1300
2.00 0.00 1.00 0.00 0.00 0.00 0.00 0.00 1.00 0.00
0.00 3.00 0.00 0.00 0.00 0.00 0.00 0.00 0.00 1.00
0.00 0.00 1.00 0.00 0.00 0.00 0.00 0.00 0.00 0.00
0.00 0.00 0.00 2.00 0.00 0.00 0.00 0.00 0.00 0.00
0.00 0.00 0.00 0.00 0.00 0.00 0.00 0.00 0.00 0.00
0.00 0.00 0.00 0.00 1.00 3.00 1.00 0.00 0.00 0.00
0.00 0.00 0.00 2.00 0.00 0.00 4.00 0.00 0.00 0.00
0.00 0.00 0.00 0.00 0.00 0.00 0.00 2.00 0.00 0.00
0.00 0.00 0.00 0.00 0.00 0.00 0.00 0.00 4.00 0.00
0.00 0.00 0.00 0.00 0.00 0.00 0.00 0.00 1.00 3.00
# step1400
3.00 0.00 0.00 0.00 0.00 0.00 0.00 0.00 0.00 0.00
0.00 4.00 0.00 0.00 0.00 0.00 0.00 0.00 0.00 1.00
0.00 0.00 2.00 0.00 0.00 1.00 0.00 0.00 0.00 0.00
0.00 0.00 0.00 1.00 0.00 3.00 0.00 0.00 0.00 0.00
0.00 0.00 0.00 0.00 0.00 0.00 1.00 2.00 0.00 0.00
0.00 0.00 1.00 0.00 0.00 2.00 0.00 0.00 0.00 0.00
0.00 0.00 0.00 0.00 0.00 0.00 3.00 0.00 0.00 0.00
0.00 0.00 0.00 0.00 0.00 0.00 1.00 1.00 0.00 0.00
0.00 0.00 0.00 0.00 0.00 0.00 0.00 0.00 1.00 0.00
2.00 0.00 0.00 0.00 0.00 0.00 0.00 0.00 0.00 3.00
# step1500
2.00 0.00 0.00 0.00 0.00 0.00 0.00 0.00 0.00 0.00
0.00 3.00 0.00 0.00 0.00 0.00 0.00 0.00 0.00 0.00
0.00 0.00 6.00 0.00 0.00 0.00 0.00 0.00 0.00 0.00
0.00 0.00 1.00 2.00 2.00 0.00 0.00 0.00 0.00 0.00
0.00 0.00 0.00 0.00 2.00 0.00 1.00 0.00 0.00 0.00
0.00 0.00 0.00 1.00 0.00 1.00 2.00 1.00 0.00 0.00
0.00 0.00 0.00 0.00 0.00 0.00 2.00 0.00 0.00 0.00
0.00 0.00 0.00 0.00 0.00 0.00 0.00 3.00 0.00 0.00
0.00 0.00 0.00 0.00 0.00 0.00 0.00 0.00 1.00 0.00
0.00 1.00 0.00 0.00 0.00 0.00 0.00 0.00 0.00 1.00
# step1600
1.00 0.00 0.00 0.00 0.00 0.00 0.00 0.00 2.00 0.00
0.00 3.00 0.00 0.00 0.00 0.00 0.00 0.00 0.00 0.00
0.00 0.00 2.00 0.00 0.00 0.00 0.00 0.00 0.00 0.00
0.00 0.00 0.00 1.00 0.00 0.00 0.00 0.00 0.00 0.00
0.00 0.00 1.00 0.00 2.00 0.00 0.00 0.00 0.00 0.00
0.00 0.00 0.00 2.00 1.00 1.00 0.00 1.00 0.00 0.00
0.00 0.00 0.00 0.00 0.00 0.00 5.00 0.00 0.00 0.00
0.00 0.00 0.00 0.00 0.00 0.00 0.00 3.00 0.00 0.00
0.00 0.00 0.00 0.00 0.00 0.00 0.00 0.00 3.00 0.00
0.00 0.00 0.00 0.00 0.00 0.00 0.00 0.00 1.00 3.00
# step1700
2.00 0.00 0.00 0.00 0.00 0.00 0.00 0.00 0.00 0.00
0.00 2.00 0.00 0.00 0.00 0.00 0.00 0.00 0.00 0.00
1.00 0.00 1.00 1.00 0.00 1.00 0.00 0.00 0.00 0.00
1.00 0.00 0.00 2.00 0.00 1.00 1.00 0.00 0.00 0.00
0.00 0.00 0.00 0.00 1.00 0.00 0.00 0.00 0.00 0.00
0.00 0.00 0.00 1.00 0.00 1.00 0.00 0.00 0.00 0.00
0.00 0.00 0.00 1.00 0.00 0.00 6.00 0.00 0.00 0.00
0.00 0.00 0.00 0.00 0.00 1.00 0.00 1.00 0.00 0.00
0.00 0.00 0.00 1.00 0.00 0.00 0.00 0.00 2.00 0.00
1.00 0.00 0.00 0.00 0.00 0.00 0.00 0.00 0.00 3.00
# step1800
5.00 0.00 0.00 0.00 0.00 0.00 0.00 0.00 1.00 0.00
0.00 3.00 0.00 0.00 0.00 0.00 0.00 0.00 0.00 0.00
0.00 0.00 1.00 0.00 0.00 0.00 0.00 0.00 0.00 0.00
0.00 1.00 0.00 2.00 1.00 0.00 0.00 0.00 0.00 1.00
0.00 0.00 0.00 2.00 2.00 0.00 0.00 0.00 0.00 0.00
0.00 0.00 0.00 2.00 0.00 2.00 0.00 0.00 0.00 0.00
0.00 0.00 0.00 0.00 0.00 0.00 2.00 0.00 0.00 0.00
0.00 0.00 0.00 1.00 0.00 0.00 0.00 0.00 0.00 0.00
0.00 0.00 0.00 0.00 0.00 0.00 0.00 0.00 2.00 1.00
0.00 0.00 0.00 0.00 0.00 0.00 1.00 0.00 0.00 2.00
# step1900
4.00 0.00 0.00 1.00 0.00 0.00 0.00 0.00 0.00 0.00
0.00 2.00 0.00 0.00 0.00 0.00 0.00 0.00 0.00 1.00
0.00 0.00 2.00 0.00 0.00 0.00 0.00 0.00 0.00 0.00
0.00 0.00 0.00 0.00 0.00 0.00 0.00 0.00 0.00 0.00
0.00 0.00 0.00 0.00 2.00 0.00 0.00 0.00 0.00 0.00
0.00 0.00 1.00 0.00 0.00 3.00 0.00 0.00 0.00 1.00
0.00 0.00 1.00 0.00 0.00 1.00 1.00 0.00 0.00 0.00
0.00 0.00 0.00 0.00 0.00 0.00 0.00 3.00 0.00 0.00
0.00 0.00 0.00 0.00 0.00 0.00 0.00 0.00 3.00 1.00
0.00 1.00 0.00 0.00 0.00 0.00 0.00 0.00 1.00 3.00
# step2000
3.00 0.00 0.00 0.00 0.00 0.00 0.00 0.00 0.00 0.00
0.00 1.00 0.00 0.00 0.00 0.00 0.00 0.00 0.00 0.00
0.00 0.00 2.00 0.00 1.00 0.00 0.00 0.00 0.00 0.00
0.00 0.00 0.00 1.00 0.00 0.00 0.00 0.00 0.00 0.00
1.00 0.00 0.00 0.00 2.00 0.00 0.00 0.00 0.00 0.00
0.00 0.00 0.00 2.00 0.00 2.00 0.00 0.00 0.00 0.00
0.00 0.00 0.00 1.00 1.00 0.00 1.00 0.00 0.00 0.00
0.00 0.00 0.00 2.00 0.00 2.00 0.00 3.00 0.00 0.00
0.00 0.00 0.00 0.00 0.00 0.00 0.00 0.00 3.00 1.00
0.00 1.00 0.00 0.00 0.00 0.00 0.00 0.00 0.00 2.00
