# step0
21.00 0.00 0.00 0.00 0.00 0.00 0.00 0.00 0.00 0.00
0.00 20.00 0.00 0.00 0.00 0.00 0.00 0.00 0.00 0.00
0.00 0.00 13.00 0.00 0.00 0.00 0.00 0.00 0.00 0.00
0.00 0.00 1.00 17.00 0.00 0.00 0.00 1.00 0.00 0.00
0.00 0.00 0.00 0.00 21.00 0.00 0.00 0.00 0.00 0.00
0.00 0.00 0.00 0.00 0.00 21.00 0.00 0.00 0.00 0.00
0.00 0.00 1.00 0.00 0.00 0.00 24.00 0.00 0.00 0.00
0.00 0.00 0.00 0.00 0.00 1.00 0.00 22.00 0.00 0.00
0.00 1.00 0.00 0.00 0.00 0.00 0.00 0.00 19.00 0.00
0.00 0.00 0.00 0.00 0.00 0.00 0.00 0.00 0.00 18.00
# step100
17.00 0.00 0.00 0.00 0.00 0.00 0.00 0.00 0.00 0.00
1.00 16.00 0.00 0.00 0.00 0.00 0.00 0.00 0.00 0.00
1.00 0.00 22.00 0.00 0.00 0.00 0.00 0.00 0.00 0.00
0.00 0.00 0.00 13.00 0.00 2.00 0.00 0.00 0.00 0.00
0.00 0.00 0.00 0.00 20.00 0.00 0.00 0.00 0.00 0.00
0.00 0.00 0.00 1.00 0.00 15.00 0.00 0.00 0.00 0.00
0.00 0.00 0.00 0.00 0.00 0.00 22.00 0.00 0.00 0.00
0.00 0.00 0.00 0.00 0.00 0.00 0.00 23.00 0.00 0.00
0.00 0.00 0.00 0.00 0.00 0.00 0.00 0.00 28.00 0.00
0.00 0.00 0.00 0.00 0.00 0.00 0.00 0.00 0.00 22.00
# step200
22.00 0.00 0.00 1.00 0.00 0.00 0.00 0.00 0.00 0.00
0.00 19.00 0.00 0.00 0.00 0.00 0.00 0.00 0.00 0.00
2.00 0.00 24.00 1.00 0.00 0.00 0.00 0.00 0.00 0.00
0.00 0.00 0.00 16.00 0.00 2.00 0.00 0.00 0.00 0.00
0.00 0.00 0.00 0.00 20.00 0.00 0.00 1.00 0.00 0.00
0.00 0.00 0.00 0.00 0.00 10.00 0.00 0.00 0.00 0.00
0.00 0.00 1.00 0.00 0.00 0.00 26.00 0.00 0.00 0.00
0.00 0.00 0.00 0.00 0.00 0.00 0.00 21.00 0.00 0.00
0.00 0.00 0.00 0.00 0.00 0.00 0.00 0.00 23.00 0.00
0.00 0.00 0.00 0.00 0.00 0.00 0.00 0.00 0.00 16.00
# step300
24.00 0.00 0.00 0.00 0.00 0.00 0.00 0.00 0.00 0.00
0.00 20.00 0.00 0.00 0.00 0.00 0.00 0.00 0.00 0.00
0.00 0.00 25.00 0.00 1.00 1.00 0.00 0.00 0.00 0.00
0.00 0.00 0.00 17.00 0.00 1.00 0.00 0.00 0.00 0.00
0.00 0.00 0.00 0.00 17.00 0.00 0.00 1.00 0.00 0.00
1.00 0.00 0.00 0.00 0.00 9.00 1.00 0.00 0.00 0.00
0.00 0.00 0.00 0.00 0.00 0.00 20.00 0.00 0.00 0.00
1.00 0.00 0.00 0.00 0.00 0.00 0.00 22.00 0.00 0.00
0.00 0.00 0.00 0.00 0.00 0.00 0.00 0.00 22.00 1.00
0.00 0.00 0.00 0.00 0.00 0.00 0.00 0.00 0.00 17.00
# step400
16.00 0.00 0.00 0.00 0.00 0.00 0.00 0.00 0.00 0.00
0.00 18.00 0.00 0.00 0.00 0.00 0.00 0.00 0.00 0.00
1.00 0.00 15.00 0.00 0.00 0.00 0.00 0.00 0.00 0.00
0.00 0.00 0.00 16.00 0.00 0.00 0.00 0.00 0.00 0.00
0.00 0.00 0.00 0.00 17.00 0.00 0.00 0.00 0.00 0.00
0.00 0.00 0.00 0.00 0.00 22.00 0.00 1.00 0.00 0.00
0.00 0.00 0.00 1.00 0.00 0.00 22.00 0.00 0.00 0.00
0.00 0.00 0.00 0.00 0.00 0.00 0.00 23.00 0.00 0.00
0.00 0.00 0.00 0.00 0.00 0.00 0.00 0.00 24.00 0.00
0.00 1.00 0.00 0.00 0.00 0.00 0.00 0.00 0.00 20.00
# step500
21.00 0.00 0.00 0.00 0.00 0.00 0.00 0.00 0.00 0.00
0.00 25.00 0.00 0.00 0.00 0.00 0.00 0.00 0.00 0.00
0.00 0.00 23.00 0.00 0.00 0.00 1.00 1.00 0.00 0.00
0.00 0.00 0.00 11.00 0.00 0.00 0.00 0.00 0.00 0.00
0.00 0.00 0.00 0.00 15.00 0.00 0.00 0.00 0.00 0.00
0.00 0.00 0.00 0.00 0.00 19.00 0.00 0.00 0.00 0.00
0.00 0.00 0.00 0.00 0.00 0.00 17.00 0.00 0.00 0.00
2.00 0.00 0.00 1.00 0.00 1.00 0.00 20.00 1.00 0.00
0.00 0.00 0.00 0.00 0.00 0.00 0.00 0.00 28.00 0.00
0.00 0.00 0.00 0.00 0.00 0.00 0.00 0.00 0.00 15.00
# step600
17.00 0.00 0.00 0.00 0.00 0.00 0.00 0.00 0.00 0.00
0.00 22.00 0.00 0.00 0.00 0.00 0.00 0.00 0.00 0.00
0.00 0.00 21.00 0.00 0.00 0.00 0.00 1.00 0.00 0.00
0.00 0.00 0.00 11.00 0.00 1.00 0.00 0.00 0.00 0.00
0.00 0.00 0.00 0.00 11.00 0.00 0.00 0.00 0.00 0.00
0.00 0.00 0.00 0.00 1.00 23.00 0.00 0.00 0.00 0.00
1.00 0.00 0.00 0.00 0.00 0.00 23.00 0.00 0.00 0.00
0.00 0.00 0.00 0.00 0.00 0.00 0.00 17.00 0.00 0.00
0.00 0.00 0.00 0.00 0.00 0.00 0.00 0.00 33.00 0.00
0.00 1.00 0.00 0.00 0.00 0.00 0.00 0.00 0.00 19.00
# step700
20.00 0.00 0.00 0.00 0.00 0.00 0.00 0.00 0.00 0.00
0.00 19.00 0.00 0.00 0.00 0.00 0.00 0.00 0.00 0.00
0.00 0.00 21.00 0.00 0.00 0.00 0.00 0.00 0.00 0.00
0.00 0.00 0.00 19.00 0.00 0.00 0.00 0.00 0.00 0.00
0.00 0.00 0.00 0.00 15.00 0.00 0.00 0.00 0.00 0.00
0.00 0.00 0.00 0.00 2.00 15.00 0.00 0.00 0.00 0.00
0.00 0.00 0.00 0.00 0.00 0.00 21.00 0.00 0.00 0.00
0.00 0.00 0.00 0.00 0.00 0.00 0.00 22.00 0.00 0.00
0.00 0.00 0.00 0.00 0.00 0.00 0.00 0.00 19.00 0.00
0.00 0.00 0.00 0.00 0.00 0.00 0.00 0.00 0.00 17.00
# step800
21.00 0.00 0.00 0.00 0.00 0.00 0.00 0.00 0.00 0.00
0.00 14.00 0.00 0.00 0.00 0.00 0.00 0.00 0.00 0.00
0.00 0.00 22.00 0.00 0.00 0.00 0.00 0.00 0.00 0.00
0.00 0.00 0.00 16.00 1.00 1.00 0.00 0.00 0.00 0.00
0.00 0.00 0.00 0.00 13.00 0.00 0.00 0.00 0.00 0.00
0.00 0.00 0.00 1.00 0.00 24.00 0.00 1.00 0.00 0.00
0.00 0.00 1.00 0.00 1.00 0.00 26.00 0.00 0.00 0.00
0.00 0.00 0.00 0.00 0.00 0.00 0.00 22.00 0.00 0.00
1.00 0.00 0.00 0.00 0.00 0.00 0.00 0.00 16.00 0.00
0.00 0.00 0.00 0.00 0.00 0.00 0.00 0.00 0.00 25.00
# step900
13.00 0.00 0.00 0.00 0.00 0.00 0.00 0.00 0.00 0.00
0.00 19.00 0.00 0.00 0.00 0.00 0.00 0.00 0.00 0.00
1.00 0.00 17.00 0.00 0.00 0.00 0.00 0.00 0.00 0.00
0.00 0.00 0.00 17.00 0.00 2.00 1.00 0.00 0.00 0.00
0.00 0.00 0.00 0.00 17.00 0.00 0.00 0.00 0.00 0.00
0.00 0.00 0.00 1.00 0.00 17.00 0.00 0.00 0.00 0.00
0.00 0.00 0.00 0.00 0.00 0.00 22.00 0.00 0.00 0.00
0.00 0.00 0.00 0.00 0.00 0.00 0.00 21.00 0.00 0.00
0.00 0.00 0.00 0.00 0.00 0.00 0.00 0.00 24.00 0.00
0.00 0.00 0.00 0.00 0.00 0.00 0.00 0.00 0.00 20.00
# step1000
20.00 0.00 0.00 0.00 0.00 0.00 0.00 0.00 0.00 0.00
0.00 28.00 0.00 0.00 0.00 0.00 0.00 0.00 0.00 0.00
0.00 0.00 19.00 0.00 0.00 1.00 0.00 0.00 0.00 0.00
0.00 0.00 1.00 15.00 0.00 1.00 0.00 0.00 0.00 0.00
0.00 0.00 0.00 0.00 14.00 0.00 0.00 0.00 0.00 0.00
0.00 0.00 0.00 2.00 0.00 17.00 0.00 0.00 0.00 0.00
0.00 0.00 0.00 0.00 0.00 0.00 16.00 0.00 0.00 0.00
0.00 0.00 0.00 0.00 0.00 0.00 0.00 20.00 0.00 0.00
0.00 0.00 0.00 0.00 0.00 0.00 0.00 0.00 25.00 0.00
0.00 0.00 0.00 0.00 0.00 0.00 0.00 0.00 0.00 18.00
# step1100
20.00 0.00 0.00 0.00 0.00 0.00 0.00 0.00 0.00 0.00
0.00 24.00 0.00 0.00 0.00 0.00 0.00 0.00 1.00 0.00
0.00 0.00 12.00 0.00 0.00 0.00 0.00 0.00 0.00 0.00
0.00 0.00 0.00 10.00 0.00 3.00 0.00 0.00 0.00 0.00
0.00 0.00 0.00 0.00 22.00 0.00 0.00 0.00 0.00 0.00
0.00 0.00 0.00 0.00 0.00 19.00 0.00 0.00 0.00 0.00
0.00 0.00 0.00 0.00 0.00 0.00 17.00 0.00 0.00 0.00
0.00 0.00 0.00 0.00 0.00 0.00 0.00 15.00 0.00 0.00
0.00 0.00 0.00 0.00 0.00 0.00 0.00 0.00 20.00 0.00
0.00 0.00 0.00 0.00 0.00 0.00 0.00 0.00 0.00 31.00
# step1200
19.00 0.00 0.00 0.00 0.00 0.00 0.00 0.00 0.00 0.00
0.00 20.00 0.00 0.00 0.00 0.00 0.00 0.00 0.00 1.00
1.00 0.00 23.00 0.00 0.00 0.00 0.00 1.00 0.00 0.00
0.00 0.00 0.00 16.00 0.00 1.00 0.00 0.00 0.00 0.00
0.00 0.00 0.00 0.00 15.00 0.00 0.00 1.00 0.00 0.00
0.00 0.00 0.00 0.00 0.00 16.00 0.00 1.00 0.00 0.00
0.00 0.00 0.00 0.00 0.00 0.00 18.00 0.00 0.00 0.00
1.00 0.00 0.00 0.00 0.00 0.00 0.00 17.00 0.00 0.00
0.00 0.00 0.00 0.00 0.00 0.00 0.00 0.00 27.00 0.00
0.00 0.00 0.00 0.00 0.00 0.00 0.00 0.00 0.00 19.00
# step1300
21.00 1.00 0.00 0.00 0.00 0.00 0.00 0.00 0.00 0.00
0.00 22.00 0.00 0.00 0.00 0.00 0.00 0.00 0.00 0.00
0.00 0.00 20.00 0.00 0.00 0.00 0.00 0.00 0.00 0.00
0.00 0.00 0.00 17.00 0.00 1.00 0.00 0.00 0.00 0.00
0.00 0.00 1.00 0.00 19.00 0.00 0.00 0.00 0.00 0.00
0.00 0.00 0.00 0.00 0.00 25.00 0.00 1.00 0.00 0.00
0.00 0.00 0.00 0.00 0.00 0.00 22.00 0.00 0.00 0.00
0.00 0.00 0.00 0.00 0.00 0.00 0.00 17.00 0.00 0.00
0.00 0.00 0.00 0.00 0.00 0.00 0.00 0.00 25.00 0.00
0.00 0.00 0.00 0.00 0.00 0.00 0.00 0.00 0.00 15.00
# step1400
17.00 0.00 0.00 0.00 0.00 0.00 0.00 0.00 0.00 0.00
0.00 17.00 0.00 0.00 0.00 0.00 0.00 0.00 0.00 0.00
0.00 0.00 23.00 0.00 0.00 0.00 0.00 0.00 0.00 0.00
0.00 0.00 1.00 22.00 0.00 3.00 0.00 0.00 0.00 0.00
0.00 0.00 0.00 0.00 18.00 0.00 0.00 0.00 0.00 0.00
0.00 0.00 1.00 1.00 0.00 11.00 0.00 1.00 0.00 0.00
0.00 0.00 0.00 0.00 0.00 0.00 23.00 0.00 0.00 0.00
0.00 0.00 0.00 0.00 0.00 0.00 0.00 20.00 0.00 0.00
1.00 0.00 0.00 0.00 0.00 0.00 0.00 0.00 16.00 0.00
0.00 0.00 0.00 0.00 0.00 0.00 0.00 0.00 0.00 18.00
# step1500
23.00 0.00 0.00 0.00 0.00 1.00 0.00 0.00 1.00 0.00
0.00 15.00 0.00 0.00 0.00 0.00 0.00 0.00 0.00 0.00
2.00 0.00 15.00 0.00 1.00 0.00 0.00 0.00 0.00 0.00
0.00 0.00 0.00 11.00 0.00 0.00 0.00 0.00 0.00 0.00
0.00 0.00 0.00 0.00 15.00 0.00 0.00 0.00 0.00 0.00
0.00 0.00 0.00 1.00 0.00 24.00 0.00 0.00 0.00 0.00
0.00 0.00 0.00 0.00 1.00 0.00 19.00 0.00 1.00 0.00
0.00 0.00 0.00 0.00 0.00 0.00 0.00 22.00 0.00 0.00
0.00 0.00 0.00 0.00 0.00 0.00 0.00 0.00 22.00 0.00
0.00 0.00 0.00 0.00 0.00 0.00 0.00 0.00 0.00 24.00
# step1600
21.00 0.00 0.00 0.00 0.00 0.00 0.00 0.00 0.00 0.00
0.00 20.00 0.00 0.00 0.00 0.00 0.00 0.00 0.00 1.00
1.00 0.00 18.00 0.00 0.00 0.00 0.00 0.00 0.00 0.00
0.00 0.00 0.00 16.00 0.00 2.00 0.00 0.00 0.00 0.00
0.00 0.00 1.00 0.00 18.00 0.00 0.00 0.00 1.00 0.00
0.00 0.00 0.00 0.00 0.00 17.00 0.00 0.00 0.00 0.00
0.00 0.00 0.00 0.00 0.00 0.00 21.00 0.00 0.00 0.00
0.00 0.00 0.00 0.00 0.00 0.00 0.00 20.00 0.00 0.00
0.00 0.00 0.00 0.00 0.00 0.00 0.00 0.00 16.00 0.00
0.00 0.00 0.00 0.00 0.00 0.00 0.00 0.00 0.00 21.00
# step1700
18.00 0.00 0.00 0.00 0.00 0.00 0.00 0.00 0.00 0.00
0.00 15.00 0.00 0.00 0.00 0.00 0.00 0.00 0.00 1.00
0.00 0.00 13.00 0.00 0.00 0.00 1.00 0.00 0.00 0.00
0.00 0.00 1.00 16.00 0.00 1.00 1.00 0.00 0.00 0.00
0.00 0.00 0.00 0.00 15.00 0.00 0.00 0.00 0.00 0.00
0.00 0.00 2.00 0.00 0.00 12.00 0.00 1.00 0.00 0.00
0.00 0.00 0.00 0.00 1.00 0.00 13.00 0.00 0.00 0.00
0.00 0.00 0.00 0.00 0.00 0.00 0.00 22.00 0.00 0.00
0.00 0.00 0.00 0.00 0.00 0.00 0.00 0.00 34.00 0.00
0.00 0.00 0.00 0.00 0.00 0.00 0.00 0.00 0.00 23.00
# step1800
15.00 0.00 0.00 1.00 0.00 0.00 0.00 0.00 1.00 0.00
0.00 23.00 0.00 0.00 0.00 0.00 0.00 0.00 0.00 0.00
0.00 0.00 17.00 0.00 0.00 0.00 1.00 0.00 0.00 0.00
0.00 0.00 0.00 14.00 0.00 0.00 0.00 0.00 0.00 0.00
0.00 0.00 0.00 0.00 24.00 0.00 0.00 0.00 0.00 0.00
0.00 0.00 0.00 1.00 0.00 16.00 0.00 0.00 0.00 0.00
0.00 0.00 0.00 0.00 0.00 0.00 24.00 0.00 0.00 0.00
0.00 0.00 0.00 0.00 0.00 0.00 0.00 22.00 0.00 0.00
0.00 0.00 0.00 0.00 0.00 0.00 0.00 0.00 19.00 0.00
0.00 0.00 0.00 0.00 1.00 0.00 0.00 0.00 0.00 24.00
# step1900
23.00 0.00 0.00 0.00 0.00 0.00 0.00 0.00 0.00 0.00
0.00 15.00 0.00 0.00 0.00 0.00 0.00 0.00 1.00 0.00
0.00 0.00 14.00 0.00 0.00 0.00 0.00 0.00 0.00 0.00
0.00 0.00 0.00 15.00 0.00 2.00 0.00 0.00 0.00 0.00
0.00 0.00 0.00 0.00 20.00 0.00 0.00 0.00 0.00 0.00
1.00 0.00 0.00 1.00 1.00 19.00 0.00 0.00 0.00 0.00
0.00 0.00 0.00 0.00 0.00 0.00 24.00 0.00 0.00 0.00
0.00 0.00 0.00 0.00 0.00 0.00 0.00 21.00 0.00 0.00
0.00 0.00 0.00 0.00 0.00 0.00 0.00 0.00 25.00 0.00
0.00 1.00 0.00 0.00 0.00 0.00 0.00 0.00 0.00 23.00
# step2000
15.00 0.00 0.00 0.00 0.00 0.00 0.00 0.00 0.00 0.00
0.00 17.00 0.00 0.00 0.00 0.00 0.00 0.00 0.00 0.00
0.00 0.00 15.00 0.00 0.00 0.00 0.00 0.00 0.00 0.00
0.00 0.00 1.00 16.00 0.00 1.00 0.00 0.00 0.00 0.00
0.00 0.00 0.00 0.00 22.00 0.00 0.00 0.00 0.00 0.00
0.00 0.00 0.00 0.00 1.00 15.00 0.00 1.00 0.00 0.00
1.00 0.00 0.00 0.00 0.00 0.00 24.00 0.00 0.00 0.00
0.00 0.00 0.00 0.00 0.00 0.00 0.00 29.00 0.00 0.00
0.00 0.00 0.00 0.00 0.00 0.00 0.00 0.00 22.00 0.00
0.00 0.00 0.00 0.00 0.00 0.00 0.00 0.00 0.00 18.00
