# step0
25.00 0.00 0.00 1.00 0.00 0.00 0.00 0.00 0.00 0.00
1.00 20.00 0.00 0.00 0.00 0.00 0.00 0.00 0.00 2.00
0.00 0.00 16.00 0.00 1.00 2.00 0.00 0.00 0.00 0.00
0.00 0.00 1.00 16.00 0.00 2.00 0.00 0.00 0.00 0.00
0.00 0.00 0.00 0.00 24.00 0.00 0.00 1.00 0.00 0.00
0.00 0.00 1.00 1.00 0.00 15.00 0.00 0.00 0.00 0.00
0.00 0.00 0.00 0.00 1.00 0.00 24.00 0.00 0.00 0.00
0.00 0.00 0.00 0.00 0.00 0.00 0.00 23.00 0.00 0.00
0.00 0.00 0.00 0.00 0.00 0.00 0.00 0.00 27.00 0.00
0.00 0.00 0.00 0.00 0.00 0.00 0.00 0.00 0.00 20.00
# step100
24.00 0.00 2.00 0.00 2.00 0.00 0.00 0.00 0.00 1.00
0.00 24.00 0.00 0.00 0.00 0.00 0.00 0.00 0.00 1.00
2.00 0.00 17.00 1.00 2.00 0.00 2.00 0.00 0.00 1.00
0.00 0.00 0.00 13.00 0.00 2.00 0.00 0.00 0.00 0.00
1.00 0.00 0.00 1.00 17.00 1.00 0.00 1.00 0.00 0.00
0.00 0.00 0.00 3.00 0.00 21.00 0.00 0.00 0.00 0.00
1.00 0.00 0.00 1.00 0.00 0.00 21.00 0.00 0.00 0.00
0.00 0.00 0.00 0.00 0.00 0.00 0.00 17.00 0.00 0.00
0.00 0.00 0.00 0.00 0.00 0.00 0.00 0.00 27.00 0.00
0.00 0.00 0.00 1.00 0.00 0.00 0.00 0.00 0.00 17.00
# step200
16.00 0.00 1.00 0.00 0.00 0.00 0.00 0.00 2.00 0.00
0.00 20.00 0.00 0.00 0.00 0.00 0.00 0.00 0.00 0.00
0.00 0.00 16.00 1.00 0.00 0.00 0.00 0.00 0.00 0.00
1.00 0.00 0.00 17.00 0.00 2.00 1.00 0.00 1.00 0.00
0.00 0.00 1.00 2.00 29.00 0.00 1.00 1.00 0.00 0.00
0.00 0.00 0.00 3.00 0.00 16.00 0.00 1.00 0.00 0.00
0.00 0.00 1.00 0.00 0.00 0.00 27.00 0.00 0.00 0.00
0.00 0.00 0.00 0.00 0.00 0.00 0.00 12.00 0.00 0.00
0.00 0.00 0.00 0.00 1.00 0.00 0.00 0.00 26.00 0.00
0.00 0.00 0.00 0.00 0.00 0.00 0.00 0.00 0.00 25.00
# step300
30.00 0.00 0.00 0.00 0.00 0.00 0.00 0.00 0.00 1.00
0.00 18.00 0.00 0.00 0.00 0.00 0.00 0.00 0.00 1.00
0.00 0.00 25.00 1.00 0.00 0.00 1.00 0.00 0.00 0.00
0.00 0.00 1.00 16.00 0.00 1.00 0.00 0.00 0.00 0.00
0.00 0.00 0.00 0.00 26.00 1.00 0.00 1.00 0.00 0.00
0.00 0.00 0.00 6.00 1.00 19.00 0.00 1.00 0.00 0.00
0.00 0.00 0.00 0.00 0.00 0.00 16.00 0.00 0.00 0.00
0.00 0.00 0.00 0.00 2.00 0.00 0.00 19.00 0.00 0.00
2.00 1.00 0.00 0.00 0.00 0.00 0.00 0.00 18.00 0.00
0.00 0.00 0.00 0.00 0.00 0.00 0.00 0.00 0.00 16.00
# step400
17.00 0.00 1.00 0.00 0.00 0.00 1.00 0.00 0.00 0.00
0.00 19.00 0.00 0.00 0.00 0.00 0.00 0.00 0.00 0.00
0.00 0.00 19.00 0.00 0.00 0.00 0.00 0.00 0.00 0.00
0.00 0.00 0.00 15.00 0.00 2.00 0.00 0.00 0.00 0.00
0.00 0.00 0.00 1.00 26.00 0.00 0.00 1.00 0.00 0.00
1.00 0.00 0.00 3.00 0.00 19.00 0.00 2.00 0.00 0.00
0.00 0.00 0.00 0.00 0.00 0.00 22.00 0.00 0.00 0.00
0.00 0.00 0.00 0.00 0.00 0.00 0.00 26.00 0.00 0.00
1.00 0.00 0.00 0.00 0.00 0.00 0.00 0.00 31.00 0.00
0.00 1.00 0.00 1.00 0.00 0.00 0.00 0.00 0.00 15.00
# step500
24.00 0.00 0.00 1.00 0.00 0.00 0.00 0.00 3.00 0.00
0.00 23.00 0.00 0.00 0.00 0.00 0.00 0.00 0.00 0.00
0.00 0.00 18.00 0.00 1.00 3.00 0.00 0.00 0.00 0.00
1.00 0.00 0.00 21.00 0.00 3.00 0.00 0.00 0.00 0.00
0.00 0.00 1.00 1.00 16.00 0.00 1.00 1.00 0.00 0.00
0.00 0.00 0.00 0.00 1.00 14.00 0.00 1.00 0.00 0.00
0.00 0.00 0.00 0.00 1.00 1.00 23.00 0.00 0.00 0.00
0.00 0.00 0.00 0.00 1.00 0.00 0.00 20.00 0.00 0.00
0.00 0.00 0.00 0.00 0.00 0.00 0.00 0.00 20.00 0.00
0.00 1.00 0.00 0.00 0.00 0.00 0.00 0.00 0.00 23.00
# step600
17.00 0.00 0.00 0.00 1.00 0.00 0.00 0.00 0.00 0.00
0.00 24.00 0.00 0.00 0.00 0.00 0.00 0.00 0.00 2.00
0.00 0.00 15.00 0.00 0.00 1.00 1.00 0.00 0.00 0.00
0.00 0.00 1.00 23.00 1.00 1.00 1.00 0.00 0.00 1.00
0.00 0.00 0.00 1.00 20.00 1.00 0.00 2.00 0.00 0.00
0.00 0.00 0.00 2.00 1.00 19.00 1.00 1.00 0.00 0.00
0.00 0.00 1.00 0.00 0.00 0.00 19.00 0.00 0.00 0.00
0.00 0.00 0.00 0.00 0.00 1.00 0.00 16.00 0.00 0.00
0.00 0.00 0.00 0.00 0.00 0.00 0.00 0.00 21.00 0.00
1.00 0.00 0.00 0.00 0.00 0.00 0.00 0.00 0.00 28.00
# step700
15.00 0.00 2.00 0.00 0.00 0.00 0.00 0.00 0.00 0.00
0.00 20.00 0.00 0.00 0.00 0.00 0.00 0.00 0.00 1.00
0.00 0.00 24.00 1.00 0.00 0.00 0.00 0.00 0.00 0.00
1.00 0.00 0.00 19.00 0.00 0.00 2.00 0.00 0.00 0.00
0.00 0.00 0.00 0.00 18.00 0.00 1.00 2.00 0.00 0.00
0.00 0.00 1.00 0.00 0.00 18.00 0.00 0.00 0.00 0.00
1.00 0.00 0.00 1.00 0.00 0.00 23.00 0.00 0.00 0.00
1.00 0.00 0.00 1.00 0.00 1.00 0.00 24.00 0.00 0.00
0.00 1.00 0.00 0.00 0.00 0.00 0.00 0.00 22.00 0.00
1.00 1.00 0.00 0.00 0.00 0.00 0.00 0.00 0.00 22.00
# step800
27.00 1.00 0.00 0.00 0.00 0.00 0.00 0.00 0.00 0.00
0.00 19.00 0.00 0.00 0.00 0.00 0.00 0.00 0.00 0.00
0.00 0.00 19.00 1.00 2.00 1.00 0.00 0.00 0.00 0.00
0.00 0.00 1.00 19.00 0.00 3.00 0.00 0.00 0.00 0.00
0.00 0.00 0.00 0.00 21.00 0.00 0.00 1.00 0.00 0.00
0.00 0.00 0.00 3.00 0.00 13.00 2.00 0.00 0.00 0.00
0.00 0.00 1.00 0.00 0.00 0.00 16.00 0.00 0.00 0.00
0.00 0.00 0.00 1.00 0.00 0.00 0.00 21.00 0.00 0.00
0.00 0.00 0.00 0.00 0.00 0.00 0.00 0.00 26.00 1.00
2.00 0.00 0.00 0.00 0.00 0.00 0.00 0.00 0.00 23.00
# step900
26.00 0.00 0.00 0.00 0.00 0.00 0.00 0.00 1.00 1.00
0.00 19.00 0.00 0.00 0.00 0.00 0.00 0.00 0.00 1.00
0.00 0.00 19.00 1.00 0.00 0.00 1.00 0.00 0.00 0.00
0.00 0.00 0.00 20.00 0.00 1.00 0.00 0.00 0.00 0.00
1.00 0.00 0.00 1.00 22.00 0.00 0.00 1.00 0.00 0.00
0.00 0.00 1.00 0.00 0.00 20.00 0.00 0.00 0.00 0.00
0.00 0.00 0.00 0.00 0.00 0.00 24.00 0.00 0.00 0.00
0.00 0.00 0.00 1.00 0.00 1.00 0.00 22.00 0.00 0.00
0.00 0.00 0.00 0.00 0.00 1.00 0.00 0.00 15.00 0.00
0.00 1.00 0.00 0.00 0.00 0.00 0.00 0.00 0.00 23.00
# step1000
22.00 0.00 1.00 0.00 1.00 0.00 0.00 0.00 0.00 0.00
0.00 18.00 0.00 0.00 0.00 0.00 0.00 0.00 0.00 0.00
0.00 0.00 25.00 0.00 0.00 0.00 0.00 0.00 0.00 0.00
0.00 0.00 0.00 29.00 0.00 1.00 1.00 1.00 0.00 0.00
0.00 0.00 0.00 0.00 18.00 0.00 0.00 0.00 0.00 0.00
0.00 0.00 0.00 1.00 0.00 18.00 0.00 1.00 0.00 0.00
0.00 0.00 1.00 0.00 2.00 0.00 23.00 0.00 0.00 0.00
0.00 0.00 0.00 1.00 0.00 1.00 0.00 20.00 0.00 0.00
0.00 0.00 0.00 0.00 0.00 0.00 0.00 0.00 21.00 0.00
1.00 0.00 0.00 0.00 0.00 0.00 0.00 0.00 0.00 17.00
# step1100
21.00 0.00 0.00 0.00 0.00 0.00 0.00 0.00 0.00 0.00
0.00 19.00 0.00 0.00 0.00 0.00 0.00 0.00 0.00 0.00
0.00 0.00 20.00 0.00 0.00 1.00 1.00 0.00 1.00 0.00
0.00 0.00 0.00 24.00 0.00 3.00 0.00 0.00 1.00 0.00
0.00 0.00 0.00 0.00 22.00 0.00 0.00 2.00 0.00 0.00
0.00 0.00 1.00 1.00 0.00 15.00 0.00 1.00 0.00 0.00
0.00 0.00 1.00 0.00 0.00 1.00 18.00 0.00 0.00 0.00
0.00 0.00 0.00 1.00 0.00 1.00 0.00 23.00 0.00 0.00
0.00 0.00 0.00 0.00 0.00 0.00 0.00 0.00 15.00 1.00
0.00 2.00 1.00 0.00 1.00 0.00 0.00 0.00 0.00 26.00
# step1200
25.00 0.00 2.00 1.00 0.00 0.00 0.00 0.00 0.00 0.00
0.00 22.00 0.00 0.00 0.00 0.00 0.00 0.00 0.00 1.00
0.00 0.00 32.00 2.00 1.00 0.00 0.00 0.00 0.00 0.00
0.00 0.00 0.00 15.00 1.00 2.00 0.00 0.00 0.00 0.00
1.00 0.00 0.00 1.00 21.00 0.00 0.00 1.00 0.00 0.00
0.00 0.00 0.00 1.00 0.00 21.00 0.00 0.00 0.00 0.00
0.00 0.00 0.00 0.00 0.00 0.00 15.00 0.00 0.00 0.00
0.00 0.00 1.00 0.00 0.00 1.00 0.00 24.00 0.00 0.00
1.00 0.00 0.00 0.00 0.00 0.00 0.00 0.00 15.00 0.00
0.00 0.00 0.00 0.00 0.00 0.00 0.00 0.00 0.00 17.00
# step1300
26.00 0.00 1.00 0.00 0.00 0.00 0.00 0.00 1.00 0.00
1.00 23.00 0.00 0.00 0.00 0.00 0.00 0.00 0.00 0.00
0.00 0.00 15.00 0.00 0.00 0.00 1.00 0.00 0.00 1.00
0.00 0.00 0.00 24.00 1.00 2.00 0.00 0.00 0.00 0.00
0.00 0.00 0.00 0.00 18.00 1.00 1.00 0.00 0.00 0.00
0.00 0.00 0.00 1.00 1.00 14.00 0.00 1.00 0.00 0.00
0.00 0.00 0.00 2.00 0.00 0.00 24.00 0.00 0.00 0.00
0.00 0.00 0.00 1.00 0.00 0.00 0.00 24.00 0.00 0.00
0.00 0.00 0.00 0.00 0.00 0.00 0.00 0.00 21.00 0.00
0.00 0.00 0.00 0.00 0.00 0.00 0.00 0.00 0.00 19.00
# step1400
19.00 0.00 0.00 0.00 0.00 0.00 0.00 0.00 1.00 0.00
0.00 27.00 0.00 0.00 0.00 0.00 0.00 0.00 1.00 1.00
0.00 0.00 21.00 1.00 0.00 0.00 0.00 0.00 0.00 0.00
0.00 0.00 0.00 18.00 1.00 1.00 0.00 0.00 0.00 0.00
0.00 0.00 0.00 1.00 16.00 0.00 1.00 1.00 0.00 0.00
0.00 0.00 1.00 0.00 2.00 21.00 1.00 1.00 0.00 0.00
0.00 0.00 0.00 1.00 0.00 2.00 20.00 0.00 0.00 0.00
0.00 0.00 0.00 0.00 0.00 0.00 0.00 16.00 0.00 0.00
1.00 0.00 0.00 0.00 0.00 0.00 0.00 0.00 20.00 0.00
0.00 0.00 0.00 0.00 0.00 0.00 0.00 0.00 1.00 27.00
# step1500
25.00 0.00 0.00 0.00 0.00 0.00 0.00 0.00 0.00 0.00
0.00 23.00 0.00 0.00 0.00 0.00 0.00 0.00 0.00 0.00
1.00 0.00 17.00 3.00 1.00 0.00 0.00 0.00 0.00 0.00
0.00 0.00 0.00 15.00 0.00 2.00 0.00 0.00 0.00 0.00
0.00 0.00 1.00 0.00 14.00 0.00 0.00 0.00 0.00 0.00
0.00 0.00 0.00 2.00 0.00 24.00 0.00 0.00 0.00 0.00
0.00 0.00 0.00 1.00 0.00 0.00 18.00 0.00 0.00 0.00
0.00 0.00 1.00 0.00 0.00 0.00 0.00 25.00 0.00 1.00
1.00 0.00 0.00 0.00 0.00 0.00 0.00 0.00 20.00 0.00
1.00 1.00 0.00 0.00 0.00 0.00 0.00 0.00 0.00 27.00
# step1600
33.00 0.00 1.00 0.00 1.00 0.00 0.00 0.00 1.00 0.00
0.00 21.00 0.00 0.00 0.00 0.00 0.00 0.00 0.00 0.00
0.00 0.00 20.00 0.00 1.00 1.00 0.00 0.00 0.00 0.00
0.00 0.00 0.00 17.00 0.00 2.00 0.00 0.00 0.00 0.00
0.00 0.00 0.00 1.00 14.00 1.00 0.00 0.00 0.00 0.00
0.00 0.00 0.00 2.00 2.00 12.00 0.00 0.00 0.00 0.00
0.00 0.00 3.00 0.00 0.00 1.00 20.00 0.00 0.00 0.00
0.00 0.00 0.00 0.00 0.00 0.00 0.00 21.00 0.00 0.00
0.00 1.00 1.00 0.00 0.00 0.00 0.00 0.00 28.00 0.00
1.00 0.00 0.00 0.00 0.00 0.00 0.00 0.00 0.00 18.00
# step1700
34.00 0.00 1.00 0.00 0.00 0.00 0.00 0.00 0.00 0.00
0.00 20.00 0.00 0.00 0.00 0.00 0.00 0.00 1.00 1.00
0.00 0.00 17.00 0.00 1.00 0.00 0.00 1.00 0.00 0.00
1.00 0.00 1.00 20.00 1.00 3.00 0.00 0.00 0.00 0.00
0.00 0.00 1.00 0.00 21.00 1.00 0.00 0.00 0.00 0.00
0.00 0.00 1.00 0.00 0.00 16.00 0.00 1.00 0.00 0.00
0.00 0.00 2.00 0.00 0.00 0.00 15.00 0.00 0.00 0.00
0.00 0.00 0.00 1.00 2.00 0.00 0.00 19.00 0.00 1.00
0.00 1.00 0.00 0.00 0.00 0.00 1.00 0.00 18.00 0.00
0.00 0.00 0.00 0.00 0.00 0.00 0.00 0.00 0.00 21.00
# step1800
22.00 0.00 1.00 1.00 0.00 0.00 0.00 0.00 0.00 0.00
1.00 17.00 0.00 0.00 0.00 0.00 1.00 0.00 0.00 0.00
0.00 0.00 16.00 0.00 0.00 1.00 0.00 0.00 0.00 0.00
0.00 0.00 1.00 17.00 2.00 4.00 1.00 0.00 0.00 0.00
0.00 0.00 0.00 0.00 27.00 0.00 0.00 0.00 0.00 0.00
0.00 0.00 0.00 1.00 0.00 18.00 0.00 1.00 0.00 0.00
0.00 0.00 0.00 0.00 0.00 0.00 23.00 0.00 0.00 0.00
0.00 0.00 0.00 0.00 0.00 1.00 0.00 22.00 0.00 0.00
0.00 1.00 0.00 0.00 0.00 0.00 0.00 0.00 24.00 0.00
0.00 0.00 0.00 0.00 1.00 0.00 0.00 0.00 0.00 20.00
# step1900
18.00 0.00 0.00 0.00 0.00 0.00 0.00 0.00 1.00 0.00
0.00 15.00 0.00 0.00 0.00 0.00 0.00 0.00 0.00 1.00
2.00 0.00 24.00 3.00 0.00 0.00 2.00 0.00 0.00 0.00
0.00 0.00 1.00 16.00 0.00 0.00 0.00 1.00 0.00 0.00
0.00 0.00 0.00 1.00 23.00 1.00 2.00 0.00 0.00 0.00
0.00 0.00 1.00 4.00 0.00 21.00 0.00 0.00 0.00 0.00
0.00 0.00 0.00 0.00 0.00 1.00 19.00 0.00 0.00 0.00
0.00 0.00 0.00 0.00 0.00 0.00 0.00 23.00 0.00 0.00
0.00 0.00 0.00 0.00 0.00 0.00 0.00 0.00 22.00 0.00
1.00 1.00 0.00 0.00 0.00 0.00 0.00 0.00 0.00 20.00
# step2000
17.00 0.00 0.00 0.00 0.00 0.00 0.00 0.00 0.00 0.00
0.00 20.00 0.00 0.00 0.00 0.00 0.00 0.00 0.00 0.00
0.00 0.00 15.00 0.00 0.00 0.00 0.00 0.00 1.00 0.00
0.00 0.00 0.00 14.00 0.00 5.00 1.00 0.00 0.00 0.00
0.00 0.00 0.00 0.00 25.00 0.00 1.00 0.00 0.00 0.00
0.00 0.00 0.00 1.00 1.00 22.00 0.00 0.00 0.00 0.00
0.00 0.00 0.00 1.00 0.00 1.00 23.00 0.00 0.00 0.00
0.00 0.00 0.00 0.00 0.00 1.00 0.00 25.00 0.00 0.00
0.00 1.00 1.00 0.00 0.00 0.00 0.00 0.00 23.00 0.00
0.00 0.00 0.00 0.00 0.00 0.00 0.00 0.00 0.00 25.00
