# step0
19.00 0.00 0.00 0.00 0.00 0.00 0.00 0.00 0.00 0.00
0.00 20.00 0.00 0.00 0.00 0.00 0.00 0.00 0.00 1.00
0.00 0.00 16.00 0.00 0.00 0.00 0.00 0.00 0.00 0.00
0.00 0.00 0.00 13.00 0.00 0.00 0.00 0.00 0.00 0.00
0.00 0.00 0.00 0.00 21.00 0.00 0.00 0.00 0.00 0.00
0.00 0.00 0.00 1.00 0.00 15.00 0.00 0.00 0.00 0.00
0.00 0.00 0.00 0.00 0.00 0.00 21.00 0.00 0.00 0.00
0.00 0.00 0.00 0.00 0.00 0.00 0.00 21.00 0.00 0.00
0.00 0.00 0.00 0.00 0.00 0.00 0.00 0.00 25.00 0.00
0.00 0.00 0.00 0.00 0.00 0.00 0.00 0.00 0.00 20.00
# step100
22.00 0.00 0.00 0.00 0.00 0.00 0.00 0.00 0.00 1.00
0.00 24.00 0.00 0.00 0.00 0.00 0.00 0.00 0.00 0.00
2.00 0.00 16.00 0.00 0.00 0.00 1.00 0.00 0.00 0.00
0.00 0.00 0.00 11.00 0.00 2.00 0.00 0.00 0.00 0.00
0.00 0.00 0.00 1.00 13.00 0.00 0.00 0.00 0.00 0.00
0.00 0.00 0.00 1.00 0.00 18.00 0.00 0.00 0.00 0.00
0.00 0.00 0.00 0.00 0.00 0.00 21.00 0.00 0.00 0.00
0.00 0.00 0.00 0.00 0.00 0.00 0.00 17.00 0.00 0.00
0.00 0.00 0.00 0.00 0.00 0.00 0.00 0.00 25.00 0.00
0.00 0.00 0.00 0.00 0.00 0.00 0.00 0.00 0.00 16.00
# step200
14.00 0.00 0.00 0.00 0.00 0.00 0.00 0.00 1.00 0.00
0.00 20.00 0.00 0.00 0.00 0.00 0.00 0.00 0.00 0.00
0.00 0.00 14.00 0.00 0.00 0.00 0.00 0.00 0.00 0.00
0.00 0.00 0.00 13.00 0.00 1.00 0.00 0.00 1.00 0.00
0.00 0.00 1.00 1.00 25.00 0.00 1.00 0.00 0.00 0.00
0.00 0.00 0.00 2.00 0.00 12.00 0.00 1.00 0.00 0.00
0.00 0.00 1.00 0.00 0.00 0.00 27.00 0.00 0.00 0.00
0.00 0.00 0.00 0.00 0.00 0.00 0.00 12.00 0.00 0.00
0.00 0.00 0.00 0.00 0.00 0.00 0.00 0.00 24.00 0.00
0.00 0.00 0.00 0.00 0.00 0.00 0.00 0.00 0.00 24.00
# step300
24.00 0.00 0.00 0.00 0.00 0.00 0.00 0.00 0.00 1.00
0.00 18.00 0.00 0.00 0.00 0.00 0.00 0.00 0.00 0.00
0.00 0.00 23.00 0.00 0.00 0.00 0.00 0.00 0.00 0.00
0.00 0.00 0.00 14.00 0.00 0.00 0.00 0.00 0.00 0.00
0.00 0.00 0.00 0.00 23.00 1.00 0.00 0.00 0.00 0.00
0.00 0.00 0.00 3.00 0.00 17.00 0.00 0.00 0.00 0.00
0.00 0.00 0.00 0.00 0.00 0.00 14.00 0.00 0.00 0.00
0.00 0.00 0.00 0.00 0.00 0.00 0.00 19.00 0.00 0.00
0.00 0.00 0.00 0.00 0.00 0.00 0.00 0.00 17.00 0.00
0.00 0.00 0.00 0.00 0.00 0.00 0.00 0.00 0.00 13.00
# step400
16.00 0.00 1.00 0.00 0.00 0.00 1.00 0.00 0.00 0.00
0.00 19.00 0.00 0.00 0.00 0.00 0.00 0.00 0.00 0.00
0.00 0.00 17.00 0.00 0.00 0.00 0.00 0.00 0.00 0.00
0.00 0.00 0.00 15.00 0.00 1.00 0.00 0.00 0.00 0.00
0.00 0.00 0.00 0.00 26.00 0.00 0.00 1.00 0.00 0.00
0.00 0.00 0.00 2.00 0.00 15.00 0.00 0.00 0.00 0.00
0.00 0.00 0.00 0.00 0.00 0.00 19.00 0.00 0.00 0.00
0.00 0.00 0.00 0.00 0.00 0.00 0.00 23.00 0.00 0.00
0.00 0.00 0.00 0.00 0.00 0.00 0.00 0.00 31.00 0.00
0.00 0.00 0.00 1.00 0.00 0.00 0.00 0.00 0.00 15.00
# step500
21.00 0.00 0.00 0.00 0.00 0.00 0.00 0.00 1.00 0.00
0.00 22.00 0.00 0.00 0.00 0.00 0.00 0.00 0.00 0.00
0.00 0.00 16.00 0.00 0.00 1.00 0.00 0.00 0.00 0.00
0.00 0.00 0.00 18.00 0.00 3.00 0.00 0.00 0.00 0.00
0.00 0.00 0.00 0.00 14.00 0.00 0.00 0.00 0.00 0.00
0.00 0.00 0.00 0.00 1.00 14.00 0.00 0.00 0.00 0.00
0.00 0.00 0.00 0.00 1.00 1.00 23.00 0.00 0.00 0.00
0.00 0.00 0.00 0.00 1.00 0.00 0.00 19.00 0.00 0.00
0.00 0.00 0.00 0.00 0.00 0.00 0.00 0.00 18.00 0.00
0.00 0.00 0.00 0.00 0.00 0.00 0.00 0.00 0.00 22.00
# step600
16.00 0.00 0.00 0.00 0.00 0.00 0.00 0.00 0.00 0.00
0.00 21.00 0.00 0.00 0.00 0.00 0.00 0.00 0.00 1.00
0.00 0.00 13.00 0.00 0.00 0.00 0.00 0.00 0.00 0.00
0.00 0.00 1.00 17.00 0.00 0.00 0.00 0.00 0.00 0.00
0.00 0.00 0.00 0.00 18.00 1.00 0.00 1.00 0.00 0.00
0.00 0.00 0.00 0.00 1.00 17.00 0.00 1.00 0.00 0.00
0.00 0.00 0.00 0.00 0.00 0.00 19.00 0.00 0.00 0.00
0.00 0.00 0.00 0.00 0.00 0.00 0.00 15.00 0.00 0.00
0.00 0.00 0.00 0.00 0.00 0.00 0.00 0.00 19.00 0.00
0.00 0.00 0.00 0.00 0.00 0.00 0.00 0.00 0.00 26.00
# step700
15.00 0.00 0.00 0.00 0.00 0.00 0.00 0.00 0.00 0.00
0.00 18.00 0.00 0.00 0.00 0.00 0.00 0.00 0.00 1.00
0.00 0.00 23.00 0.00 0.00 0.00 0.00 0.00 0.00 0.00
0.00 0.00 0.00 15.00 0.00 0.00 0.00 0.00 0.00 0.00
0.00 0.00 0.00 0.00 16.00 0.00 0.00 0.00 0.00 0.00
0.00 0.00 1.00 0.00 0.00 15.00 0.00 0.00 0.00 0.00
0.00 0.00 0.00 0.00 0.00 0.00 23.00 0.00 0.00 0.00
0.00 0.00 0.00 0.00 0.00 0.00 0.00 23.00 0.00 0.00
0.00 1.00 0.00 0.00 0.00 0.00 0.00 0.00 22.00 0.00
1.00 0.00 0.00 0.00 0.00 0.00 0.00 0.00 0.00 20.00
# step800
25.00 0.00 0.00 0.00 0.00 0.00 0.00 0.00 0.00 0.00
0.00 18.00 0.00 0.00 0.00 0.00 0.00 0.00 0.00 0.00
0.00 0.00 19.00 0.00 1.00 0.00 0.00 0.00 0.00 0.00
0.00 0.00 0.00 11.00 0.00 1.00 0.00 0.00 0.00 0.00
0.00 0.00 0.00 0.00 19.00 0.00 0.00 0.00 0.00 0.00
0.00 0.00 0.00 1.00 0.00 10.00 0.00 0.00 0.00 0.00
0.00 0.00 0.00 0.00 0.00 0.00 16.00 0.00 0.00 0.00
0.00 0.00 0.00 0.00 0.00 0.00 0.00 21.00 0.00 0.00
0.00 0.00 0.00 0.00 0.00 0.00 0.00 0.00 26.00 0.00
1.00 0.00 0.00 0.00 0.00 0.00 0.00 0.00 0.00 22.00
# step900
22.00 0.00 0.00 0.00 0.00 0.00 0.00 0.00 0.00 0.00
0.00 19.00 0.00 0.00 0.00 0.00 0.00 0.00 0.00 1.00
0.00 0.00 15.00 0.00 0.00 0.00 1.00 0.00 0.00 0.00
0.00 0.00 0.00 19.00 0.00 0.00 0.00 0.00 0.00 0.00
0.00 0.00 0.00 0.00 18.00 0.00 0.00 0.00 0.00 0.00
0.00 0.00 0.00 0.00 0.00 16.00 0.00 0.00 0.00 0.00
0.00 0.00 0.00 0.00 0.00 0.00 23.00 0.00 0.00 0.00
0.00 0.00 0.00 0.00 0.00 0.00 0.00 21.00 0.00 0.00
0.00 0.00 0.00 0.00 0.00 0.00 0.00 0.00 15.00 0.00
0.00 1.00 0.00 0.00 0.00 0.00 0.00 0.00 0.00 23.00
# step1000
22.00 0.00 0.00 0.00 0.00 0.00 0.00 0.00 0.00 0.00
0.00 16.00 0.00 0.00 0.00 0.00 0.00 0.00 0.00 0.00
0.00 0.00 22.00 0.00 0.00 0.00 0.00 0.00 0.00 0.00
0.00 0.00 0.00 23.00 0.00 0.00 0.00 0.00 0.00 0.00
0.00 0.00 0.00 0.00 16.00 0.00 0.00 0.00 0.00 0.00
0.00 0.00 0.00 0.00 0.00 15.00 0.00 0.00 0.00 0.00
0.00 0.00 0.00 0.00 1.00 0.00 23.00 0.00 0.00 0.00
0.00 0.00 0.00 0.00 0.00 1.00 0.00 20.00 0.00 0.00
0.00 0.00 0.00 0.00 0.00 0.00 0.00 0.00 18.00 0.00
0.00 0.00 0.00 0.00 0.00 0.00 0.00 0.00 0.00 16.00
# step1100
19.00 0.00 0.00 0.00 0.00 0.00 0.00 0.00 0.00 0.00
0.00 19.00 0.00 0.00 0.00 0.00 0.00 0.00 0.00 0.00
0.00 0.00 19.00 0.00 0.00 1.00 0.00 0.00 0.00 0.00
0.00 0.00 0.00 18.00 0.00 2.00 0.00 0.00 0.00 0.00
0.00 0.00 0.00 0.00 21.00 0.00 0.00 0.00 0.00 0.00
0.00 0.00 0.00 0.00 0.00 14.00 0.00 0.00 0.00 0.00
0.00 0.00 0.00 0.00 0.00 0.00 17.00 0.00 0.00 0.00
0.00 0.00 0.00 0.00 0.00 0.00 0.00 21.00 0.00 0.00
0.00 0.00 0.00 0.00 0.00 0.00 0.00 0.00 15.00 0.00
0.00 1.00 0.00 0.00 0.00 0.00 0.00 0.00 0.00 23.00
# step1200
22.00 0.00 2.00 0.00 0.00 0.00 0.00 0.00 0.00 0.00
0.00 22.00 0.00 0.00 0.00 0.00 0.00 0.00 0.00 0.00
0.00 0.00 28.00 0.00 1.00 0.00 0.00 0.00 0.00 0.00
0.00 0.00 0.00 10.00 0.00 1.00 0.00 0.00 0.00 0.00
0.00 0.00 0.00 0.00 19.00 0.00 0.00 0.00 0.00 0.00
0.00 0.00 0.00 1.00 0.00 20.00 0.00 0.00 0.00 0.00
0.00 0.00 0.00 0.00 0.00 0.00 14.00 0.00 0.00 0.00
0.00 0.00 0.00 0.00 0.00 0.00 0.00 24.00 0.00 0.00
0.00 0.00 0.00 0.00 0.00 0.00 0.00 0.00 15.00 0.00
0.00 0.00 0.00 0.00 0.00 0.00 0.00 0.00 0.00 17.00
# step1300
20.00 0.00 0.00 0.00 0.00 0.00 0.00 0.00 0.00 0.00
0.00 23.00 0.00 0.00 0.00 0.00 0.00 0.00 0.00 0.00
0.00 0.00 11.00 0.00 0.00 0.00 1.00 0.00 0.00 0.00
0.00 0.00 0.00 21.00 0.00 1.00 0.00 0.00 0.00 0.00
0.00 0.00 0.00 0.00 18.00 0.00 0.00 0.00 0.00 0.00
0.00 0.00 0.00 0.00 0.00 12.00 0.00 0.00 0.00 0.00
0.00 0.00 0.00 0.00 0.00 0.00 22.00 0.00 0.00 0.00
0.00 0.00 0.00 0.00 0.00 0.00 0.00 23.00 0.00 0.00
0.00 0.00 0.00 0.00 0.00 0.00 0.00 0.00 18.00 0.00
0.00 0.00 0.00 0.00 0.00 0.00 0.00 0.00 0.00 17.00
# step1400
17.00 0.00 0.00 0.00 0.00 0.00 0.00 0.00 0.00 0.00
0.00 27.00 0.00 0.00 0.00 0.00 0.00 0.00 0.00 0.00
0.00 0.00 17.00 0.00 0.00 0.00 0.00 0.00 0.00 0.00
0.00 0.00 0.00 12.00 0.00 0.00 0.00 0.00 0.00 0.00
0.00 0.00 0.00 0.00 16.00 0.00 0.00 1.00 0.00 0.00
0.00 0.00 0.00 0.00 0.00 16.00 0.00 0.00 0.00 0.00
0.00 0.00 0.00 1.00 0.00 0.00 18.00 0.00 0.00 0.00
0.00 0.00 0.00 0.00 0.00 0.00 0.00 16.00 0.00 0.00
0.00 0.00 0.00 0.00 0.00 0.00 0.00 0.00 20.00 0.00
0.00 0.00 0.00 0.00 0.00 0.00 0.00 0.00 1.00 27.00
# step1500
20.00 0.00 0.00 0.00 0.00 0.00 0.00 0.00 0.00 0.00
0.00 22.00 0.00 0.00 0.00 0.00 0.00 0.00 0.00 0.00
1.00 0.00 17.00 2.00 0.00 0.00 0.00 0.00 0.00 0.00
0.00 0.00 0.00 11.00 0.00 0.00 0.00 0.00 0.00 0.00
0.00 0.00 0.00 0.00 11.00 0.00 0.00 0.00 0.00 0.00
0.00 0.00 0.00 0.00 0.00 21.00 0.00 0.00 0.00 0.00
0.00 0.00 0.00 0.00 0.00 0.00 16.00 0.00 0.00 0.00
0.00 0.00 1.00 0.00 0.00 0.00 0.00 23.00 0.00 0.00
1.00 0.00 0.00 0.00 0.00 0.00 0.00 0.00 19.00 0.00
1.00 1.00 0.00 0.00 0.00 0.00 0.00 0.00 0.00 27.00
# step1600
27.00 0.00 0.00 0.00 1.00 0.00 0.00 0.00 0.00 0.00
0.00 20.00 0.00 0.00 0.00 0.00 0.00 0.00 0.00 0.00
0.00 0.00 19.00 0.00 1.00 1.00 0.00 0.00 0.00 0.00
0.00 0.00 0.00 14.00 0.00 0.00 0.00 0.00 0.00 0.00
0.00 0.00 0.00 0.00 13.00 0.00 0.00 0.00 0.00 0.00
0.00 0.00 0.00 0.00 2.00 11.00 0.00 0.00 0.00 0.00
0.00 0.00 1.00 0.00 0.00 0.00 19.00 0.00 0.00 0.00
0.00 0.00 0.00 0.00 0.00 0.00 0.00 20.00 0.00 0.00
0.00 0.00 0.00 0.00 0.00 0.00 0.00 0.00 25.00 0.00
0.00 0.00 0.00 0.00 0.00 0.00 0.00 0.00 0.00 18.00
# step1700
29.00 0.00 0.00 0.00 0.00 0.00 0.00 0.00 0.00 0.00
0.00 18.00 0.00 0.00 0.00 0.00 0.00 0.00 1.00 1.00
0.00 0.00 16.00 0.00 1.00 0.00 0.00 0.00 0.00 0.00
0.00 0.00 0.00 15.00 0.00 2.00 0.00 0.00 0.00 0.00
0.00 0.00 1.00 0.00 19.00 0.00 0.00 0.00 0.00 0.00
0.00 0.00 1.00 0.00 0.00 14.00 0.00 0.00 0.00 0.00
0.00 0.00 0.00 0.00 0.00 0.00 14.00 0.00 0.00 0.00
0.00 0.00 0.00 0.00 1.00 0.00 0.00 18.00 0.00 0.00
0.00 0.00 0.00 0.00 0.00 0.00 0.00 0.00 18.00 0.00
0.00 0.00 0.00 0.00 0.00 0.00 0.00 0.00 0.00 21.00
# step1800
22.00 0.00 0.00 0.00 0.00 0.00 0.00 0.00 0.00 0.00
0.00 14.00 0.00 0.00 0.00 0.00 0.00 0.00 0.00 0.00
0.00 0.00 14.00 0.00 0.00 0.00 0.00 0.00 0.00 0.00
0.00 0.00 0.00 11.00 1.00 2.00 0.00 0.00 0.00 0.00
0.00 0.00 0.00 0.00 24.00 0.00 0.00 0.00 0.00 0.00
0.00 0.00 0.00 0.00 0.00 15.00 0.00 1.00 0.00 0.00
0.00 0.00 0.00 0.00 0.00 0.00 21.00 0.00 0.00 0.00
0.00 0.00 0.00 0.00 0.00 0.00 0.00 21.00 0.00 0.00
0.00 0.00 0.00 0.00 0.00 0.00 0.00 0.00 23.00 0.00
0.00 0.00 0.00 0.00 0.00 0.00 0.00 0.00 0.00 19.00
# step1900
17.00 0.00 0.00 0.00 0.00 0.00 0.00 0.00 0.00 0.00
0.00 13.00 0.00 0.00 0.00 0.00 0.00 0.00 0.00 0.00
1.00 0.00 22.00 1.00 0.00 0.00 1.00 0.00 0.00 0.00
0.00 0.00 0.00 12.00 0.00 0.00 0.00 0.00 0.00 0.00
0.00 0.00 0.00 0.00 21.00 0.00 0.00 0.00 0.00 0.00
0.00 0.00 1.00 0.00 0.00 19.00 0.00 0.00 0.00 0.00
0.00 0.00 0.00 0.00 0.00 0.00 16.00 0.00 0.00 0.00
0.00 0.00 0.00 0.00 0.00 0.00 0.00 22.00 0.00 0.00
0.00 0.00 0.00 0.00 0.00 0.00 0.00 0.00 20.00 0.00
1.00 0.00 0.00 0.00 0.00 0.00 0.00 0.00 0.00 20.00
# step2000
16.00 0.00 0.00 0.00 0.00 0.00 0.00 0.00 0.00 0.00
0.00 19.00 0.00 0.00 0.00 0.00 0.00 0.00 0.00 0.00
0.00 0.00 13.00 0.00 0.00 0.00 0.00 0.00 0.00 0.00
0.00 0.00 0.00 11.00 0.00 1.00 1.00 0.00 0.00 0.00
0.00 0.00 0.00 0.00 22.00 0.00 0.00 0.00 0.00 0.00
0.00 0.00 0.00 1.00 0.00 20.00 0.00 0.00 0.00 0.00
0.00 0.00 0.00 0.00 0.00 0.00 19.00 0.00 0.00 0.00
0.00 0.00 0.00 0.00 0.00 0.00 0.00 23.00 0.00 0.00
0.00 0.00 0.00 0.00 0.00 0.00 0.00 0.00 22.00 0.00
0.00 0.00 0.00 0.00 0.00 0.00 0.00 0.00 0.00 23.00
