# step0
0.00 0.00 0.00 0.00 18.00 2.00 0.00 0.00 2.00 0.00
0.00 0.00 0.00 0.00 21.00 1.00 0.00 0.00 0.00 0.00
0.00 0.00 0.00 0.00 17.00 1.00 0.00 0.00 0.00 1.00
0.00 0.00 0.00 0.00 29.00 1.00 0.00 0.00 1.00 0.00
0.00 0.00 0.00 0.00 23.00 0.00 0.00 0.00 1.00 0.00
0.00 0.00 0.00 0.00 13.00 2.00 0.00 0.00 1.00 0.00
0.00 0.00 0.00 0.00 23.00 0.00 0.00 0.00 0.00 0.00
0.00 0.00 0.00 0.00 24.00 1.00 0.00 0.00 0.00 0.00
0.00 0.00 0.00 1.00 14.00 2.00 0.00 0.00 2.00 0.00
0.00 0.00 0.00 0.00 21.00 2.00 0.00 0.00 0.00 0.00
# step100
17.00 3.00 0.00 0.00 1.00 0.00 1.00 0.00 0.00 0.00
3.00 12.00 0.00 0.00 0.00 1.00 2.00 1.00 1.00 1.00
3.00 0.00 7.00 4.00 2.00 0.00 5.00 1.00 0.00 1.00
3.00 1.00 5.00 6.00 0.00 3.00 11.00 2.00 0.00 0.00
4.00 2.00 6.00 4.00 4.00 0.00 7.00 4.00 0.00 0.00
0.00 1.00 1.00 2.00 1.00 6.00 7.00 4.00 0.00 0.00
1.00 1.00 2.00 0.00 0.00 1.00 14.00 0.00 0.00 0.00
2.00 0.00 0.00 0.00 0.00 3.00 3.00 8.00 0.00 0.00
14.00 4.00 0.00 0.00 0.00 1.00 0.00 0.00 2.00 0.00
3.00 9.00 2.00 0.00 0.00 0.00 0.00 3.00 0.00 1.00
# step200
3.00 0.00 0.00 2.00 0.00 1.00 1.00 0.00 11.00 0.00
2.00 6.00 0.00 0.00 0.00 0.00 0.00 0.00 2.00 4.00
3.00 2.00 0.00 2.00 8.00 3.00 2.00 1.00 2.00 0.00
0.00 1.00 0.00 4.00 0.00 5.00 0.00 2.00 1.00 3.00
1.00 0.00 0.00 1.00 5.00 3.00 6.00 2.00 0.00 2.00
0.00 0.00 0.00 2.00 5.00 13.00 4.00 1.00 3.00 0.00
0.00 1.00 0.00 2.00 4.00 5.00 13.00 1.00 1.00 0.00
2.00 1.00 0.00 0.00 2.00 5.00 5.00 12.00 0.00 1.00
4.00 0.00 0.00 0.00 0.00 0.00 0.00 0.00 17.00 1.00
4.00 7.00 0.00 1.00 0.00 2.00 1.00 1.00 6.00 6.00
# step300
0.00 0.00 6.00 1.00 0.00 0.00 0.00 0.00 3.00 8.00
0.00 6.00 0.00 0.00 0.00 0.00 0.00 3.00 3.00 21.00
0.00 1.00 13.00 4.00 0.00 1.00 1.00 0.00 1.00 2.00
0.00 0.00 2.00 8.00 2.00 0.00 5.00 0.00 3.00 2.00
1.00 0.00 10.00 5.00 3.00 1.00 2.00 2.00 1.00 2.00
0.00 0.00 1.00 7.00 0.00 4.00 1.00 7.00 0.00 3.00
0.00 1.00 2.00 2.00 3.00 0.00 8.00 1.00 0.00 0.00
0.00 0.00 0.00 2.00 0.00 1.00 2.00 11.00 1.00 4.00
1.00 4.00 1.00 0.00 0.00 0.00 0.00 2.00 13.00 4.00
0.00 1.00 0.00 0.00 0.00 0.00 0.00 0.00 3.00 11.00
# step400
9.00 0.00 4.00 0.00 0.00 0.00 0.00 2.00 3.00 0.00
2.00 10.00 0.00 0.00 0.00 0.00 1.00 1.00 0.00 4.00
1.00 1.00 8.00 0.00 0.00 4.00 2.00 4.00 1.00 0.00
0.00 0.00 6.00 1.00 0.00 5.00 1.00 10.00 2.00 0.00
1.00 0.00 8.00 0.00 0.00 2.00 2.00 13.00 0.00 0.00
1.00 1.00 4.00 1.00 0.00 9.00 2.00 6.00 1.00 1.00
0.00 0.00 2.00 1.00 0.00 0.00 17.00 4.00 0.00 0.00
0.00 2.00 2.00 0.00 0.00 2.00 0.00 12.00 0.00 1.00
1.00 1.00 1.00 0.00 0.00 1.00 0.00 0.00 19.00 0.00
1.00 4.00 1.00 0.00 0.00 0.00 0.00 4.00 1.00 13.00
# step500
11.00 3.00 0.00 1.00 2.00 2.00 2.00 1.00 4.00 2.00
3.00 14.00 0.00 1.00 0.00 0.00 0.00 1.00 1.00 0.00
3.00 0.00 4.00 3.00 2.00 1.00 5.00 1.00 1.00 0.00
0.00 2.00 1.00 8.00 0.00 4.00 6.00 1.00 2.00 0.00
1.00 2.00 0.00 0.00 8.00 2.00 2.00 8.00 0.00 0.00
0.00 1.00 1.00 4.00 0.00 5.00 0.00 6.00 0.00 0.00
1.00 0.00 0.00 2.00 2.00 1.00 18.00 0.00 0.00 0.00
0.00 0.00 0.00 2.00 4.00 3.00 2.00 17.00 1.00 0.00
4.00 2.00 0.00 1.00 1.00 1.00 0.00 2.00 13.00 0.00
2.00 5.00 0.00 0.00 0.00 0.00 0.00 4.00 1.00 3.00
# step600
14.00 1.00 1.00 0.00 0.00 2.00 0.00 0.00 5.00 1.00
1.00 16.00 0.00 0.00 0.00 0.00 0.00 0.00 0.00 0.00
7.00 1.00 11.00 2.00 1.00 2.00 1.00 2.00 2.00 0.00
4.00 1.00 0.00 10.00 3.00 4.00 0.00 4.00 0.00 1.00
2.00 0.00 5.00 3.00 10.00 2.00 1.00 2.00 0.00 0.00
0.00 0.00 1.00 6.00 3.00 9.00 0.00 1.00 0.00 0.00
0.00 1.00 3.00 3.00 2.00 2.00 10.00 1.00 0.00 0.00
0.00 0.00 0.00 2.00 3.00 2.00 0.00 12.00 1.00 1.00
5.00 0.00 0.00 1.00 0.00 0.00 0.00 0.00 13.00 0.00
0.00 5.00 0.00 1.00 2.00 0.00 0.00 2.00 4.00 6.00
# step700
20.00 0.00 4.00 0.00 0.00 1.00 0.00 1.00 0.00 1.00
2.00 11.00 2.00 1.00 0.00 0.00 0.00 1.00 0.00 9.00
2.00 0.00 11.00 0.00 2.00 3.00 1.00 0.00 0.00 1.00
0.00 1.00 1.00 1.00 0.00 12.00 2.00 2.00 0.00 0.00
3.00 0.00 4.00 0.00 12.00 0.00 4.00 2.00 1.00 0.00
0.00 0.00 2.00 1.00 2.00 16.00 0.00 1.00 0.00 1.00
0.00 0.00 3.00 0.00 1.00 2.00 10.00 1.00 0.00 0.00
1.00 0.00 6.00 0.00 4.00 3.00 0.00 8.00 0.00 0.00
4.00 1.00 1.00 0.00 0.00 0.00 0.00 1.00 12.00 4.00
0.00 1.00 1.00 0.00 1.00 0.00 1.00 2.00 0.00 15.00
# step800
8.00 2.00 1.00 2.00 1.00 0.00 0.00 0.00 4.00 1.00
1.00 16.00 0.00 0.00 0.00 0.00 1.00 0.00 6.00 7.00
0.00 1.00 11.00 1.00 2.00 1.00 1.00 1.00 2.00 1.00
0.00 1.00 4.00 5.00 0.00 1.00 0.00 5.00 0.00 0.00
0.00 0.00 5.00 1.00 8.00 1.00 4.00 3.00 4.00 0.00
0.00 0.00 0.00 9.00 2.00 9.00 0.00 2.00 0.00 0.00
0.00 0.00 2.00 2.00 3.00 2.00 10.00 1.00 0.00 0.00
0.00 1.00 1.00 2.00 2.00 1.00 0.00 11.00 0.00 1.00
0.00 1.00 2.00 1.00 1.00 0.00 0.00 0.00 16.00 1.00
1.00 6.00 0.00 0.00 0.00 0.00 0.00 2.00 3.00 16.00
# step900
8.00 0.00 5.00 1.00 4.00 1.00 0.00 1.00 2.00 3.00
0.00 16.00 0.00 0.00 0.00 0.00 2.00 0.00 2.00 8.00
0.00 0.00 9.00 1.00 2.00 5.00 2.00 0.00 0.00 0.00
0.00 0.00 1.00 4.00 4.00 9.00 5.00 1.00 0.00 0.00
0.00 0.00 0.00 0.00 11.00 4.00 2.00 1.00 0.00 0.00
0.00 0.00 3.00 2.00 0.00 13.00 1.00 0.00 0.00 0.00
0.00 0.00 0.00 2.00 1.00 1.00 14.00 1.00 0.00 0.00
0.00 0.00 1.00 0.00 5.00 6.00 1.00 9.00 0.00 2.00
4.00 0.00 0.00 0.00 0.00 0.00 1.00 0.00 21.00 3.00
2.00 0.00 0.00 0.00 1.00 0.00 1.00 0.00 0.00 15.00
# step1000
17.00 2.00 2.00 0.00 0.00 1.00 1.00 0.00 0.00 3.00
4.00 17.00 0.00 0.00 0.00 0.00 0.00 0.00 1.00 1.00
4.00 0.00 10.00 4.00 3.00 0.00 1.00 0.00 1.00 1.00
1.00 1.00 5.00 9.00 2.00 0.00 2.00 4.00 1.00 0.00
0.00 1.00 7.00 0.00 14.00 0.00 3.00 3.00 0.00 1.00
0.00 1.00 1.00 4.00 1.00 4.00 1.00 1.00 0.00 4.00
1.00 1.00 1.00 0.00 1.00 0.00 20.00 0.00 2.00 1.00
0.00 0.00 1.00 0.00 3.00 0.00 0.00 15.00 0.00 1.00
5.00 1.00 0.00 0.00 0.00 0.00 0.00 0.00 9.00 1.00
2.00 1.00 0.00 0.00 0.00 0.00 0.00 1.00 0.00 13.00
# step1100
14.00 0.00 2.00 0.00 0.00 1.00 0.00 0.00 3.00 2.00
1.00 15.00 0.00 0.00 0.00 0.00 2.00 0.00 0.00 2.00
1.00 0.00 9.00 0.00 5.00 3.00 7.00 0.00 2.00 1.00
0.00 0.00 2.00 5.00 0.00 13.00 5.00 0.00 2.00 1.00
0.00 0.00 1.00 0.00 9.00 1.00 2.00 1.00 0.00 0.00
0.00 0.00 0.00 2.00 1.00 13.00 1.00 3.00 0.00 1.00
0.00 0.00 1.00 0.00 2.00 0.00 19.00 0.00 0.00 2.00
0.00 0.00 0.00 0.00 2.00 3.00 2.00 15.00 0.00 2.00
1.00 0.00 0.00 0.00 0.00 0.00 1.00 0.00 12.00 2.00
0.00 4.00 0.00 0.00 0.00 1.00 2.00 2.00 0.00 18.00
# step1200
15.00 4.00 2.00 1.00 0.00 2.00 1.00 1.00 2.00 0.00
0.00 19.00 0.00 1.00 0.00 0.00 0.00 1.00 0.00 2.00
1.00 0.00 10.00 1.00 2.00 2.00 1.00 0.00 0.00 0.00
0.00 0.00 1.00 5.00 0.00 5.00 0.00 0.00 0.00 0.00
0.00 1.00 3.00 5.00 5.00 2.00 1.00 6.00 0.00 1.00
0.00 0.00 2.00 11.00 2.00 10.00 0.00 0.00 0.00 0.00
0.00 1.00 3.00 3.00 0.00 2.00 15.00 1.00 1.00 0.00
0.00 0.00 1.00 1.00 2.00 5.00 0.00 9.00 1.00 0.00
7.00 2.00 1.00 0.00 0.00 0.00 0.00 0.00 17.00 1.00
0.00 2.00 0.00 0.00 1.00 0.00 0.00 3.00 0.00 17.00
# step1300
14.00 0.00 3.00 1.00 0.00 0.00 0.00 0.00 5.00 0.00
0.00 19.00 0.00 0.00 0.00 0.00 0.00 1.00 0.00 3.00
0.00 0.00 11.00 3.00 3.00 3.00 5.00 0.00 0.00 0.00
0.00 0.00 2.00 7.00 1.00 3.00 4.00 0.00 0.00 0.00
0.00 0.00 1.00 0.00 17.00 0.00 2.00 1.00 0.00 1.00
0.00 2.00 0.00 6.00 4.00 9.00 2.00 2.00 1.00 0.00
0.00 0.00 0.00 1.00 1.00 1.00 22.00 0.00 0.00 0.00
0.00 0.00 2.00 1.00 3.00 1.00 0.00 14.00 0.00 0.00
2.00 0.00 0.00 2.00 1.00 1.00 0.00 1.00 18.00 2.00
0.00 4.00 0.00 0.00 0.00 0.00 0.00 1.00 1.00 9.00
# step1400
16.00 0.00 1.00 2.00 0.00 0.00 0.00 0.00 3.00 1.00
2.00 17.00 1.00 0.00 0.00 0.00 0.00 1.00 0.00 0.00
4.00 0.00 9.00 1.00 10.00 2.00 2.00 0.00 0.00 0.00
0.00 1.00 1.00 0.00 6.00 7.00 0.00 3.00 0.00 2.00
0.00 0.00 1.00 0.00 13.00 2.00 1.00 4.00 1.00 0.00
0.00 0.00 2.00 1.00 5.00 12.00 0.00 3.00 0.00 1.00
0.00 0.00 1.00 0.00 6.00 3.00 11.00 0.00 0.00 0.00
0.00 0.00 0.00 0.00 2.00 1.00 0.00 13.00 1.00 2.00
4.00 1.00 0.00 0.00 0.00 0.00 0.00 0.00 17.00 1.00
1.00 1.00 0.00 0.00 0.00 0.00 0.00 1.00 0.00 20.00
# step1500
14.00 3.00 2.00 0.00 0.00 0.00 0.00 0.00 2.00 1.00
1.00 14.00 0.00 0.00 0.00 0.00 0.00 0.00 3.00 1.00
2.00 0.00 13.00 2.00 2.00 3.00 4.00 1.00 1.00 0.00
0.00 0.00 2.00 4.00 2.00 3.00 2.00 0.00 0.00 1.00
0.00 0.00 4.00 0.00 8.00 1.00 2.00 1.00 1.00 0.00
0.00 0.00 1.00 2.00 3.00 7.00 1.00 2.00 3.00 0.00
0.00 0.00 2.00 1.00 2.00 1.00 17.00 1.00 0.00 0.00
0.00 0.00 0.00 2.00 2.00 2.00 1.00 22.00 0.00 1.00
2.00 0.00 1.00 0.00 0.00 1.00 0.00 1.00 20.00 0.00
0.00 5.00 0.00 0.00 1.00 0.00 0.00 0.00 4.00 16.00
# step1600
12.00 1.00 2.00 1.00 2.00 1.00 0.00 0.00 5.00 2.00
0.00 9.00 0.00 0.00 1.00 0.00 0.00 0.00 0.00 5.00
3.00 2.00 9.00 0.00 3.00 0.00 2.00 2.00 2.00 0.00
0.00 0.00 1.00 10.00 0.00 3.00 3.00 2.00 0.00 0.00
0.00 0.00 3.00 0.00 11.00 0.00 4.00 3.00 0.00 0.00
1.00 1.00 1.00 6.00 1.00 11.00 0.00 5.00 0.00 2.00
1.00 1.00 0.00 0.00 5.00 0.00 17.00 0.00 1.00 0.00
0.00 0.00 2.00 0.00 1.00 1.00 0.00 12.00 0.00 0.00
1.00 0.00 0.00 0.00 0.00 0.00 0.00 1.00 22.00 1.00
1.00 1.00 0.00 1.00 0.00 0.00 0.00 0.00 1.00 22.00
# step1700
10.00 0.00 0.00 0.00 1.00 0.00 0.00 0.00 1.00 2.00
0.00 17.00 0.00 0.00 1.00 1.00 0.00 0.00 0.00 4.00
5.00 1.00 5.00 4.00 0.00 1.00 4.00 0.00 0.00 0.00
0.00 1.00 0.00 19.00 3.00 8.00 4.00 1.00 0.00 2.00
2.00 0.00 2.00 3.00 12.00 0.00 2.00 3.00 0.00 2.00
0.00 0.00 0.00 5.00 1.00 9.00 1.00 4.00 0.00 0.00
1.00 0.00 0.00 1.00 0.00 0.00 19.00 0.00 0.00 0.00
0.00 1.00 0.00 2.00 2.00 1.00 0.00 20.00 0.00 1.00
1.00 1.00 0.00 0.00 0.00 1.00 0.00 0.00 12.00 1.00
1.00 1.00 0.00 0.00 0.00 0.00 0.00 1.00 0.00 16.00
# step1800
11.00 2.00 3.00 1.00 0.00 1.00 0.00 1.00 3.00 1.00
0.00 24.00 0.00 0.00 1.00 0.00 0.00 0.00 1.00 1.00
2.00 0.00 11.00 0.00 1.00 1.00 3.00 0.00 0.00 0.00
0.00 0.00 2.00 10.00 1.00 3.00 4.00 3.00 0.00 0.00
1.00 0.00 1.00 1.00 9.00 2.00 1.00 5.00 0.00 0.00
0.00 1.00 1.00 2.00 0.00 11.00 3.00 2.00 2.00 0.00
0.00 1.00 1.00 0.00 3.00 2.00 15.00 0.00 0.00 0.00
0.00 1.00 0.00 2.00 3.00 1.00 1.00 19.00 1.00 0.00
0.00 3.00 0.00 0.00 0.00 0.00 0.00 1.00 15.00 0.00
0.00 1.00 1.00 0.00 0.00 1.00 0.00 0.00 3.00 16.00
# step1900
20.00 0.00 0.00 0.00 1.00 1.00 0.00 0.00 4.00 0.00
0.00 9.00 0.00 0.00 0.00 0.00 0.00 0.00 0.00 6.00
4.00 0.00 8.00 4.00 1.00 5.00 3.00 3.00 1.00 0.00
0.00 0.00 1.00 8.00 1.00 7.00 0.00 1.00 0.00 0.00
2.00 0.00 4.00 2.00 12.00 0.00 4.00 0.00 0.00 0.00
0.00 0.00 1.00 2.00 1.00 17.00 0.00 3.00 0.00 1.00
1.00 0.00 1.00 1.00 1.00 4.00 12.00 0.00 0.00 0.00
0.00 0.00 2.00 0.00 2.00 2.00 0.00 17.00 1.00 1.00
0.00 1.00 0.00 0.00 0.00 0.00 0.00 0.00 15.00 1.00
2.00 1.00 0.00 0.00 0.00 0.00 0.00 0.00 0.00 22.00
# step2000
11.00 4.00 2.00 0.00 0.00 0.00 0.00 0.00 3.00 2.00
1.00 16.00 0.00 0.00 0.00 0.00 0.00 0.00 0.00 3.00
2.00 0.00 9.00 7.00 3.00 4.00 3.00 1.00 0.00 0.00
0.00 0.00 1.00 8.00 3.00 7.00 1.00 0.00 1.00 0.00
1.00 0.00 0.00 0.00 14.00 1.00 1.00 1.00 0.00 0.00
1.00 0.00 0.00 3.00 2.00 24.00 0.00 1.00 0.00 0.00
0.00 1.00 0.00 0.00 6.00 3.00 10.00 0.00 0.00 0.00
2.00 0.00 0.00 1.00 6.00 0.00 0.00 12.00 0.00 2.00
2.00 2.00 2.00 0.00 0.00 0.00 0.00 0.00 15.00 0.00
0.00 4.00 0.00 0.00 0.00 0.00 0.00 1.00 0.00 14.00
